This is Ipopt version 3.12.3, running with linear solver mumps.
NOTE: Other linear solvers might be more efficient (see Ipopt documentation).

Number of nonzeros in equality constraint Jacobian...:   239305
Number of nonzeros in inequality constraint Jacobian.:    74017
Number of nonzeros in Lagrangian Hessian.............:   261497

Total number of variables............................:    74017
                     variables with only lower bounds:        0
                variables with lower and upper bounds:        0
                     variables with only upper bounds:        0
Total number of equality constraints.................:    57705
Total number of inequality constraints...............:    74017
        inequality constraints with only lower bounds:    14080
   inequality constraints with lower and upper bounds:    59937
        inequality constraints with only upper bounds:        0

iter    objective    inf_pr   inf_du lg(mu)  ||d||  lg(rg) alpha_du alpha_pr  ls
   0 3.4062183e+001 1.19e+002 7.62e+001  -1.0 0.00e+000    -  0.00e+000 0.00e+000   0
   1 3.6175162e+001 1.01e+002 1.27e+002  -1.0 6.33e+000    -  6.93e-002 1.50e-001f  1
   2 4.5536481e+001 8.98e+001 1.07e+002  -1.0 7.21e+000    -  1.06e-001 1.13e-001f  1
   3 1.1031682e+002 4.82e+001 3.71e+002  -1.0 8.12e+000    -  2.28e-001 4.87e-001f  1
   4 2.2208702e+002 2.31e+000 2.58e+002  -1.0 1.03e+001    -  5.48e-002 1.00e+000f  1
   5 2.2196540e+002 2.20e+000 2.45e+002  -1.0 3.51e+000   0.0 1.16e-001 4.83e-002f  1
   6 2.2203053e+002 2.11e+000 2.36e+002  -1.0 3.05e+000   0.4 7.41e-002 3.87e-002f  1
   7 2.2214049e+002 1.46e+000 8.90e+002  -1.0 2.84e+000  -0.1 3.42e-001 3.05e-001f  1
   8 2.2258247e+002 1.36e+000 8.90e+002  -1.0 2.54e+000   0.4 4.42e-002 7.19e-002f  1
   9 2.2227700e+002 8.72e-001 8.10e+002  -1.0 3.54e+000  -0.1 4.16e-001 3.97e-001f  1
iter    objective    inf_pr   inf_du lg(mu)  ||d||  lg(rg) alpha_du alpha_pr  ls
  10 2.1697251e+002 7.03e-001 2.85e+002  -1.0 7.11e+000  -0.6 3.77e-001 3.99e-001f  1
  11 2.1588366e+002 5.84e-001 2.96e+003  -1.0 9.50e+000  -0.2 2.06e-001 6.40e-001f  1
  12 2.1438546e+002 5.31e-001 2.64e+003  -1.0 7.10e+000  -0.6 5.65e-001 1.25e-001f  1
  13 2.1429477e+002 5.29e-001 2.62e+003  -1.0 8.69e+001  -1.1 8.00e-002 5.12e-003f  1
  14 2.1242151e+002 4.95e-001 2.00e+003  -1.0 1.78e+001  -0.7 3.41e-001 1.84e-001f  1
  15 2.1151817e+002 4.72e-001 1.76e+003  -1.0 1.53e+001  -1.2 2.10e-001 7.12e-002f  1
  16 2.0919312e+002 4.78e-001 1.17e+003  -1.0 3.79e+001  -1.6 3.59e-002 1.84e-001f  1
  17 2.0831561e+002 4.42e-001 7.49e+002  -1.0 1.20e+001  -1.2 2.71e-001 1.21e-001f  1
  18 2.0753987e+002 4.11e-001 2.25e+003  -1.0 2.44e+001  -1.7 1.36e-001 1.20e-001f  1
  19 2.0753221e+002 4.10e-001 2.15e+003  -1.0 1.15e+002  -1.3 8.10e-004 1.40e-003h  1
iter    objective    inf_pr   inf_du lg(mu)  ||d||  lg(rg) alpha_du alpha_pr  ls
  20 2.0753227e+002 4.10e-001 2.14e+003  -1.0 8.92e+002  -1.7 3.22e-004 4.81e-005h  1
  21 2.0753786e+002 4.10e-001 1.54e+003  -1.0 3.16e+003  -1.3 1.18e-004 1.70e-004h  1
  22 2.0753830e+002 4.10e-001 3.20e+004  -1.0 2.31e+003  -0.9 3.69e-003 1.29e-004h  1
  23r2.0753830e+002 4.10e-001 1.00e+003  -0.9 0.00e+000   0.4 0.00e+000 3.12e-007R  8
  24r2.0881442e+002 3.70e-001 9.95e+002  -0.9 1.21e+002    -  1.39e-002 3.28e-003f  1
  25 2.0881462e+002 3.70e-001 5.39e+000  -1.0 2.74e+003    -  5.76e-007 3.30e-006f  2
  26 2.0873807e+002 3.52e-001 4.98e+003  -1.0 2.48e+001    -  5.79e-004 4.97e-002f  1
  27 2.0873935e+002 3.46e-001 4.64e+003  -1.0 5.71e+000   2.7 8.10e-003 1.77e-002h  1
  28 2.0873932e+002 3.46e-001 4.64e+003  -1.0 5.40e+001   2.2 4.50e-004 1.19e-004h  1
  29 2.0874908e+002 3.14e-001 1.88e+003  -1.0 5.56e+000   2.6 3.24e-002 9.11e-002f  1
iter    objective    inf_pr   inf_du lg(mu)  ||d||  lg(rg) alpha_du alpha_pr  ls
  30 2.0874923e+002 3.14e-001 1.87e+003  -1.0 2.79e+000   2.1 1.16e-001 1.02e-003h  1
  31 2.0875452e+002 3.09e-001 1.87e+003  -1.0 4.44e+000   1.7 9.90e-004 1.47e-002f  1
  32 2.0875489e+002 3.09e-001 2.76e+003  -1.0 3.91e+000   2.1 1.84e-001 2.18e-003h  1
  33 2.0883450e+002 2.21e-001 5.93e+003  -1.0 4.40e+000   1.6 1.05e-001 2.83e-001f  1
  34 2.0886897e+002 2.00e-001 5.38e+003  -1.0 2.13e+000   1.1 7.96e-001 9.53e-002f  1
  35 2.0891553e+002 1.81e-001 4.83e+003  -1.0 9.84e+000   0.7 1.43e-001 9.61e-002f  1
  36 2.0932028e+002 1.89e-002 1.68e+003  -1.0 1.46e+000   1.1 1.00e+000 1.00e+000f  1
  37 2.0959053e+002 1.16e-002 1.89e+002  -1.0 2.64e-001   0.6 7.66e-001 1.00e+000f  1
  38 2.0887539e+002 5.32e-002 1.53e+001  -1.0 4.66e-001   0.1 8.99e-001 1.00e+000f  1
  39 2.0735574e+002 1.12e-001 1.87e+001  -1.0 1.42e+000  -0.3 9.61e-001 1.00e+000f  1
iter    objective    inf_pr   inf_du lg(mu)  ||d||  lg(rg) alpha_du alpha_pr  ls
  40 2.0680522e+002 1.22e-001 1.91e+000  -1.0 4.25e-001  -0.8 8.60e-001 1.00e+000f  1
  41 2.0700175e+002 1.61e-001 1.02e+001  -1.0 2.66e+000  -1.3 1.00e+000 1.00e+000f  1
  42 2.0682242e+002 1.27e-001 1.34e+001  -1.0 1.92e+000  -1.8 1.00e+000 1.00e+000f  1
  43 2.0660297e+002 1.38e-002 2.97e+000  -1.0 9.74e-001  -1.3 1.00e+000 1.00e+000f  1
  44 2.0632919e+002 7.29e-002 4.29e+000  -1.0 3.71e+000  -1.8 3.95e-001 1.00e+000f  1
  45 2.0622105e+002 2.76e-002 2.78e+000  -1.0 6.63e-001  -1.4 1.00e+000 1.00e+000h  1
  46 2.0607147e+002 7.51e-002 9.16e-001  -1.0 2.45e+000  -1.9 8.37e-001 1.00e+000f  1
  47 1.0194431e+002 5.47e-001 4.66e+000  -1.7 4.08e-001  -1.4 9.82e-001 1.00e+000f  1
  48 5.6577417e+001 5.03e-001 3.85e+000  -1.7 5.71e-001  -1.9 1.00e+000 1.00e+000f  1
  49 5.3403158e+001 3.76e-002 2.76e-001  -1.7 9.22e-001  -2.4 1.00e+000 1.00e+000h  1
iter    objective    inf_pr   inf_du lg(mu)  ||d||  lg(rg) alpha_du alpha_pr  ls
  50 5.3290840e+001 3.41e-003 1.05e-002  -1.7 3.46e-001  -2.0 1.00e+000 1.00e+000h  1
  51 2.1304605e+001 4.72e-001 1.80e+000  -3.8 6.61e-001  -2.5 8.25e-001 1.00e+000f  1
  52 1.2542946e+001 4.32e-001 5.42e-001  -3.8 8.89e-001  -2.9 7.23e-001 8.91e-001f  1
  53 1.0217167e+001 3.41e-001 1.81e-001  -3.8 7.72e-001  -3.4 8.15e-001 7.47e-001h  1
  54 8.5984722e+000 4.51e-001 1.89e-001  -3.8 4.48e-001  -3.0 8.83e-001 9.17e-001h  1
  55 7.6444817e+000 7.06e-001 5.66e-001  -3.8 7.38e-001  -3.5 1.00e+000 6.97e-001h  1
  56 7.4137371e+000 4.68e-001 5.81e-001  -3.8 2.15e+000  -3.9 3.95e-001 3.84e-001h  1
  57 7.2694873e+000 4.24e-001 3.97e-001  -3.8 1.03e+000  -3.5 3.79e-001 6.33e-001h  1
  58 7.2498330e+000 6.84e-001 2.75e-001  -3.8 2.56e+000  -4.0 8.97e-002 3.10e-001h  1
  59 7.2163915e+000 6.03e-001 1.88e-001  -3.8 1.59e+000  -3.6 5.44e-002 3.21e-001h  1
iter    objective    inf_pr   inf_du lg(mu)  ||d||  lg(rg) alpha_du alpha_pr  ls
  60 7.1885928e+000 1.41e-001 5.08e-002  -3.8 1.80e-001  -3.1 7.99e-001 1.00e+000h  1
  61 7.1756243e+000 1.48e-001 2.35e-002  -3.8 3.81e-001  -3.6 4.81e-001 1.00e+000h  1
  62 7.1694838e+000 2.44e-002 1.19e-002  -3.8 4.52e-001  -4.1 1.00e+000 1.00e+000h  1
  63 7.1693222e+000 3.12e-003 1.95e-003  -3.8 1.41e-001  -3.7 1.00e+000 1.00e+000h  1
  64 7.1687014e+000 5.38e-003 7.86e-004  -3.8 2.40e-001  -4.1 1.00e+000 1.00e+000h  1
  65 7.1685828e+000 6.06e-004 5.73e-005  -3.8 9.11e-002  -3.7 1.00e+000 1.00e+000h  1
  66 6.9038633e+000 1.37e-001 9.52e-002  -5.7 6.24e-001  -4.2 5.68e-001 2.32e-001f  1
  67 6.7906576e+000 4.33e-001 8.50e-002  -5.7 1.86e+000  -3.8 2.56e-001 1.07e-001h  1
  68 6.7029474e+000 4.30e-001 8.22e-002  -5.7 1.84e+000  -3.3 2.68e-001 1.05e-001h  1
  69 6.4194106e+000 3.29e-001 8.48e-002  -5.7 3.02e-001  -2.9 8.15e-002 4.98e-001h  1
iter    objective    inf_pr   inf_du lg(mu)  ||d||  lg(rg) alpha_du alpha_pr  ls
  70 6.3243240e+000 2.70e-001 5.46e-002  -5.7 2.37e-001  -2.5 3.20e-001 4.23e-001h  1
  71 6.2667007e+000 1.23e-001 4.40e-002  -5.7 8.05e-002  -2.1 4.46e-001 5.70e-001h  1
  72 6.2460253e+000 1.78e-001 1.25e-001  -5.7 8.49e-001  -2.5 3.50e-001 1.24e-001h  1
  73 6.2037763e+000 7.54e-002 5.80e-002  -5.7 9.59e-002  -2.1 5.28e-001 5.76e-001h  1
  74 6.1827077e+000 1.93e-002 4.49e-002  -5.7 3.55e-002  -1.7 5.54e-001 7.81e-001h  1
  75 6.1604293e+000 2.48e-002 6.03e-002  -5.7 1.34e-001  -2.2 7.74e-001 3.88e-001h  1
  76 6.1415373e+000 6.40e-003 3.35e-002  -5.7 4.00e-002  -1.7 1.00e+000 8.86e-001h  1
  77 6.1153950e+000 7.73e-002 1.56e-001  -5.7 1.81e-001  -2.2 1.00e+000 4.84e-001h  1
  78 6.1036283e+000 3.23e-002 1.03e-001  -5.7 3.22e-002  -1.8 1.00e+000 6.00e-001h  1
  79 6.0770326e+000 5.71e-002 8.66e-002  -5.7 1.48e-001  -2.3 2.21e-001 4.99e-001h  1
iter    objective    inf_pr   inf_du lg(mu)  ||d||  lg(rg) alpha_du alpha_pr  ls
  80 6.0675025e+000 3.19e-002 7.06e-002  -5.7 5.99e-002  -1.8 1.00e+000 4.86e-001h  1
  81 6.0517649e+000 6.64e-002 9.00e-002  -5.7 2.45e-001  -2.3 6.63e-001 2.91e-001h  1
  82 6.0315763e+000 2.00e-002 7.23e-002  -5.7 4.59e-002  -1.9 1.00e+000 1.00e+000h  1
  83 6.0242499e+000 4.26e-003 2.22e-002  -5.7 1.92e-002  -1.5 1.00e+000 1.00e+000h  1
  84 6.0102406e+000 1.14e-002 1.95e-002  -5.7 5.98e-002  -1.9 1.00e+000 6.70e-001h  1
  85 5.9888081e+000 1.34e-001 1.80e-001  -5.7 3.03e-001  -2.4 1.00e+000 3.78e-001h  1
  86 5.9761437e+000 5.30e-002 9.79e-002  -5.7 5.11e-002  -2.0 1.00e+000 6.11e-001h  1
  87 5.9683612e+000 3.25e-003 1.84e-002  -5.7 1.90e-002  -1.6 1.00e+000 1.00e+000h  1
  88 5.9511085e+000 5.27e-002 9.54e-002  -5.7 9.07e-002  -2.0 1.00e+000 7.92e-001h  1
  89 5.9458977e+000 2.02e-002 1.29e-001  -5.7 4.41e-002  -1.6 1.00e+000 6.60e-001h  1
iter    objective    inf_pr   inf_du lg(mu)  ||d||  lg(rg) alpha_du alpha_pr  ls
  90 5.9261715e+000 7.45e-002 1.57e-001  -5.7 1.05e-001  -2.1 1.72e-001 8.57e-001h  1
  91 5.9249727e+000 6.45e-002 1.50e-001  -5.7 9.24e-002  -1.7 3.68e-001 1.44e-001h  1
  92 5.9129960e+000 3.61e-002 7.41e-002  -5.7 1.14e-001  -2.1 2.96e-001 4.98e-001h  1
  93 5.9041806e+000 9.76e-003 2.39e-001  -5.7 4.02e-002  -1.7 1.00e+000 1.00e+000f  1
  94 5.8937594e+000 7.05e-002 1.49e-001  -5.7 1.90e-001  -2.2 9.57e-001 4.15e-001h  1
  95 5.8886471e+000 3.34e-002 1.09e-001  -5.7 3.80e-002  -1.8 1.00e+000 5.41e-001h  1
  96 5.8750855e+000 3.92e-002 1.33e-001  -5.7 1.99e-001  -2.3 1.90e-001 5.12e-001h  1
  97 5.8725890e+000 3.03e-002 1.26e-001  -5.7 9.48e-002  -1.8 7.46e-001 2.49e-001h  1
  98 5.8687748e+000 4.32e-003 5.00e-002  -5.7 2.03e-002  -1.4 2.51e-001 1.00e+000h  1
  99 5.8605442e+000 2.06e-002 3.99e-002  -5.7 5.48e-002  -1.9 9.39e-001 7.79e-001h  1
iter    objective    inf_pr   inf_du lg(mu)  ||d||  lg(rg) alpha_du alpha_pr  ls
 100 5.8533153e+000 2.89e-002 3.02e-002  -5.7 1.42e-001  -2.4 6.19e-001 2.51e-001f  1
 101 5.8424237e+000 1.24e-002 4.94e-002  -5.7 3.44e-002  -1.9 9.07e-001 1.00e+000f  1
 102 5.8384419e+000 2.62e-003 1.19e-002  -5.7 1.60e-002  -1.5 1.00e+000 1.00e+000h  1
 103 5.8315546e+000 4.16e-002 1.20e-001  -5.7 1.04e-001  -2.0 1.00e+000 5.93e-001h  1
 104 5.8290591e+000 1.86e-002 1.10e-001  -5.7 2.87e-002  -1.6 1.00e+000 5.81e-001f  1
 105 5.8253603e+000 2.87e-002 8.19e-002  -5.7 1.61e-001  -2.0 3.03e-001 2.93e-001f  1
 106 5.8221411e+000 1.03e-002 9.50e-002  -5.7 2.60e-002  -1.6 1.00e+000 6.89e-001f  1
 107 5.8114104e+000 3.43e-002 1.43e-001  -5.7 1.29e-001  -2.1 3.72e-001 7.80e-001f  1
 108 5.8107067e+000 2.96e-002 1.34e-001  -5.7 7.95e-002  -1.7 4.27e-001 1.45e-001h  1
 109 5.8074015e+000 2.32e-002 1.03e-001  -5.7 7.59e-002  -2.1 4.76e-001 2.29e-001h  1
iter    objective    inf_pr   inf_du lg(mu)  ||d||  lg(rg) alpha_du alpha_pr  ls
 110 5.8019712e+000 5.58e-003 6.02e-002  -5.7 2.67e-002  -1.7 9.81e-001 1.00e+000f  1
 111 5.7999279e+000 1.20e-003 7.54e-003  -5.7 1.13e-002  -1.3 1.00e+000 1.00e+000h  1
 112 5.7953062e+000 2.26e-002 1.10e-001  -5.7 6.91e-002  -1.8 8.89e-001 7.32e-001h  1
 113 5.7944044e+000 1.44e-002 1.02e-001  -5.7 2.37e-002  -1.3 7.97e-001 3.89e-001f  1
 114 5.7911181e+000 1.59e-002 8.87e-002  -5.7 1.33e-001  -1.8 7.53e-001 4.53e-001f  1
 115 5.7887640e+000 2.21e-003 1.47e-001  -5.7 2.16e-002  -1.4 6.68e-001 1.00e+000f  1
 116 5.7848171e+000 2.62e-002 9.89e-002  -5.7 8.77e-002  -1.9 8.72e-001 5.66e-001h  1
 117 5.7838459e+000 3.33e-002 1.30e-001  -5.7 2.23e+000  -2.3 9.13e-002 4.10e-002h  1
 118 5.7784816e+000 1.16e-002 9.02e-002  -5.7 3.55e-002  -1.9 8.55e-001 7.28e-001f  1
 119 5.7622970e+000 5.79e-002 4.43e-002  -5.7 9.44e-002  -2.4 5.72e-001 7.91e-001f  1
iter    objective    inf_pr   inf_du lg(mu)  ||d||  lg(rg) alpha_du alpha_pr  ls
 120 5.7546698e+000 2.92e-002 8.37e-002  -5.7 6.66e-002  -2.0 1.00e+000 1.00e+000f  1
 121 5.7534174e+000 1.78e-002 4.73e-002  -5.7 3.77e-002  -1.5 3.32e-001 4.11e-001h  1
 122 5.7526798e+000 2.66e-002 1.11e-001  -5.7 7.19e-001  -2.0 4.71e-001 5.02e-002f  1
 123 5.7498961e+000 9.70e-003 9.13e-002  -5.7 3.28e-002  -1.6 8.18e-001 8.41e-001h  1
 124 5.7463754e+000 1.18e-002 4.64e-002  -5.7 6.16e-002  -2.1 6.51e-001 4.04e-001f  1
 125 5.7294653e+000 5.06e-002 5.35e-002  -5.7 1.29e-001  -2.5 1.00e+000 7.27e-001f  1
 126 5.7241222e+000 7.83e-002 2.00e-001  -5.7 1.37e-001  -2.1 7.25e-001 6.25e-001h  1
 127 5.7236229e+000 6.53e-002 1.74e-001  -5.7 4.27e-002  -1.7 5.99e-001 1.70e-001h  1
 128 5.7154672e+000 8.61e-002 1.80e-001  -5.7 1.07e-001  -2.2 9.20e-001 8.94e-001h  1
 129 5.7146784e+000 6.49e-002 1.53e-001  -5.7 4.53e-002  -1.7 4.26e-001 2.58e-001h  1
iter    objective    inf_pr   inf_du lg(mu)  ||d||  lg(rg) alpha_du alpha_pr  ls
 130 5.7134256e+000 1.94e-003 1.92e-002  -5.7 1.33e-002  -1.3 8.62e-001 1.00e+000h  1
 131 5.7121321e+000 1.61e-002 1.02e-001  -5.7 1.21e-001  -1.8 5.14e-001 3.27e-001h  1
 132 5.7046238e+000 9.89e-003 8.57e-002  -5.7 7.26e-002  -2.3 1.00e+000 7.64e-001f  1
 133 5.7010239e+000 3.46e-003 6.93e-003  -5.7 2.72e-002  -1.8 1.00e+000 1.00e+000f  1
 134 5.6935801e+000 1.07e-001 1.52e-001  -5.7 1.56e-001  -2.3 8.02e-001 7.08e-001h  1
 135 5.6922025e+000 6.49e-002 1.42e-001  -5.7 5.18e-002  -1.9 3.22e-001 4.40e-001h  1
 136 5.6847351e+000 9.04e-002 7.61e-002  -5.7 1.53e-001  -2.4 1.00e+000 6.93e-001f  1
 137 5.6841975e+000 2.61e-003 3.96e-002  -5.7 1.37e-002  -1.0 6.31e-001 1.00e+000f  1
 138 5.6833439e+000 4.15e-003 3.07e-002  -5.7 3.31e-002  -1.5 1.00e+000 5.23e-001h  1
 139 5.6799721e+000 4.26e-002 2.11e-001  -5.7 9.50e-002  -2.0 1.00e+000 7.79e-001f  1
iter    objective    inf_pr   inf_du lg(mu)  ||d||  lg(rg) alpha_du alpha_pr  ls
 140 5.6784727e+000 3.80e-003 1.94e-002  -5.7 1.99e-002  -1.6 1.00e+000 1.00e+000f  1
 141 5.6779079e+000 7.92e-004 6.51e-003  -5.7 9.08e-003  -1.1 1.00e+000 1.00e+000h  1
 142 5.6765115e+000 1.58e-002 1.04e-001  -5.7 5.28e-002  -1.6 1.00e+000 7.88e-001h  1
 143 5.6731958e+000 5.55e-003 9.83e-002  -5.7 5.04e-002  -2.1 1.00e+000 7.78e-001f  1
 144 5.6726567e+000 5.83e-002 1.72e-001  -5.7 5.94e+000  -2.6 2.92e-002 2.25e-002h  1
 145 5.6717400e+000 4.70e-002 1.45e-001  -5.7 6.42e-002  -2.1 8.30e-001 2.04e-001f  1
 146 5.6647301e+000 2.68e-002 6.28e-002  -5.7 1.86e-001  -2.6 7.56e-001 5.58e-001f  1
 147 5.6601781e+000 2.45e-002 3.62e-002  -5.7 6.59e-002  -2.2 1.00e+000 9.97e-001f  1
 148 5.6585279e+000 1.10e-002 5.45e-002  -5.7 3.48e-002  -1.8 5.74e-001 1.00e+000f  1
 149 5.6578448e+000 3.23e-003 3.51e-002  -5.7 1.94e-002  -1.3 1.00e+000 1.00e+000h  1
iter    objective    inf_pr   inf_du lg(mu)  ||d||  lg(rg) alpha_du alpha_pr  ls
 150 5.6572727e+000 5.94e-003 3.26e-002  -5.7 7.35e-002  -1.8 1.00e+000 2.85e-001h  1
 151 5.6535252e+000 7.91e-002 1.56e-001  -5.7 1.46e-001  -2.3 7.85e-001 7.55e-001f  1
 152 5.6518659e+000 7.07e-002 1.38e-001  -5.7 3.33e-001  -2.8 2.93e-001 1.30e-001h  1
 153 5.6490559e+000 3.14e-002 5.87e-002  -5.7 9.91e-002  -2.4 1.06e-001 5.61e-001f  1
 154 5.6486815e+000 5.69e-002 5.79e-002  -5.7 6.11e+000  -2.8 6.37e-003 1.40e-002h  1
 155 5.6479333e+000 2.81e-003 3.17e-002  -5.7 1.60e-002  -1.5 5.75e-001 1.00e+000f  1
 156 5.6472416e+000 2.79e-002 1.39e-001  -5.7 2.30e-001  -2.0 8.68e-001 2.54e-001h  1
 157 5.6457541e+000 2.12e-002 1.11e-001  -5.7 1.72e-001  -2.5 1.00e+000 2.49e-001f  1
 158 5.6435470e+000 1.27e-002 9.35e-002  -5.7 4.36e-002  -2.0 8.30e-001 1.00e+000f  1
 159 5.6427349e+000 3.39e-003 2.37e-002  -5.7 2.02e-002  -1.6 1.00e+000 1.00e+000h  1
iter    objective    inf_pr   inf_du lg(mu)  ||d||  lg(rg) alpha_du alpha_pr  ls
 160 5.6406130e+000 5.80e-003 4.18e-002  -5.7 4.79e-002  -2.1 1.00e+000 1.00e+000h  1
 161 5.6388979e+000 6.94e-003 2.87e-002  -5.7 1.69e-001  -2.6 1.00e+000 2.98e-001h  1
 162 5.6350050e+000 4.79e-002 2.16e-002  -5.7 8.31e-001  -3.0 7.59e-001 2.36e-001f  1
 163 5.6310940e+000 5.77e-002 6.05e-003  -5.7 1.79e-001  -2.6 7.61e-001 6.83e-001h  1
 164 5.6290479e+000 1.47e-002 3.81e-003  -5.7 5.78e-002  -2.2 8.08e-001 1.00e+000f  1
 165 5.6274737e+000 2.55e-002 3.75e-002  -5.7 2.90e-001  -2.7 5.37e-001 2.61e-001h  1
 166 5.6266525e+000 4.13e-002 1.85e-001  -5.7 3.30e-001  -2.2 1.00e+000 2.80e-001f  1
 167 5.6225757e+000 1.74e-001 8.69e-002  -5.7 2.24e-001  -2.7 3.39e-001 6.40e-001f  1
 168 5.6212710e+000 7.94e-002 3.19e-002  -5.7 7.14e-002  -2.3 7.44e-001 6.16e-001f  1
 169 5.6188661e+000 1.25e-001 1.96e-002  -5.7 2.62e-001  -2.8 4.05e-001 3.77e-001f  1
iter    objective    inf_pr   inf_du lg(mu)  ||d||  lg(rg) alpha_du alpha_pr  ls
 170 5.6167011e+000 3.75e-002 1.27e-002  -5.7 8.14e-002  -2.3 1.00e+000 1.00e+000f  1
 171 5.6133852e+000 1.59e-001 2.36e-002  -5.7 2.51e-001  -2.8 4.43e-001 5.51e-001h  1
 172 5.6116055e+000 3.20e-002 1.08e-002  -5.7 8.74e-002  -2.4 7.60e-001 1.00e+000f  1
 173 5.6082125e+000 2.23e-001 3.56e-002  -5.7 3.74e-001  -2.9 6.37e-001 6.80e-001h  1
 174 5.6060051e+000 2.95e-001 2.93e-002  -5.7 2.78e+000  -3.3 2.02e-001 1.71e-001h  1
 175 5.6037884e+000 1.19e-001 4.08e-002  -5.7 2.87e-001  -2.9 4.18e-001 6.92e-001f  1
 176 5.6025996e+000 7.75e-003 6.56e-003  -5.7 7.40e-002  -2.5 1.00e+000 1.00e+000f  1
 177 5.6000461e+000 4.85e-002 3.31e-002  -5.7 2.80e-001  -3.0 1.00e+000 1.00e+000h  1
 178 5.5992267e+000 3.55e-003 4.90e-003  -5.7 5.16e-002  -2.5 7.20e-001 1.00e+000h  1
 179 5.5981835e+000 1.12e-001 1.29e-001  -5.7 5.47e-001  -3.0 1.94e-001 3.68e-001h  1
iter    objective    inf_pr   inf_du lg(mu)  ||d||  lg(rg) alpha_du alpha_pr  ls
 180 5.5979341e+000 1.06e-001 1.23e-001  -5.7 1.68e+000  -3.5 9.90e-002 5.45e-002h  1
 181 5.5960929e+000 3.46e-002 1.54e-002  -5.7 1.62e-001  -3.1 5.32e-001 1.00e+000f  1
 182 5.5955167e+000 1.37e-002 3.11e-002  -5.7 6.69e-002  -2.6 1.00e+000 1.00e+000h  1
 183 5.5953143e+000 3.31e-003 2.92e-003  -5.7 2.54e-002  -2.2 1.00e+000 9.06e-001h  1
 184 5.5947666e+000 5.08e-002 3.90e-002  -5.7 1.07e-001  -2.7 1.00e+000 8.19e-001f  1
 185 5.5933845e+000 5.90e-002 4.89e-002  -5.7 1.55e-001  -3.2 4.01e-001 1.00e+000f  1
 186 5.5932744e+000 1.88e-003 3.00e-002  -5.7 3.01e-002  -1.8 1.00e+000 1.00e+000h  1
 187 5.5931379e+000 5.58e-003 3.30e-002  -5.7 1.83e-001  -2.3 3.11e-001 1.96e-001h  1
 188 5.5929909e+000 1.34e-002 2.91e-002  -5.7 1.06e+000  -2.8 4.43e-002 5.44e-002f  2
 189 5.5929264e+000 3.05e-002 1.47e-001  -5.7 1.35e+000  -2.4 1.00e-001 6.06e-002h  1
iter    objective    inf_pr   inf_du lg(mu)  ||d||  lg(rg) alpha_du alpha_pr  ls
 190 5.5927741e+000 2.44e-002 1.20e-001  -5.7 8.33e-002  -2.8 1.00e+000 2.15e-001f  1
 191 5.5913828e+000 8.29e-002 5.77e-002  -5.7 2.86e-001  -3.3 3.62e-001 1.00e+000f  1
 192 5.5912583e+000 1.09e-001 5.33e-002  -5.7 1.74e+001  -3.8 7.83e-002 1.51e-002h  2
 193 5.5901179e+000 1.45e-002 7.66e-003  -5.7 1.31e-001  -3.4 8.51e-001 1.00e+000h  1
 194 5.5900154e+000 1.30e-001 2.13e-002  -5.7 5.51e+001  -3.9 3.11e-002 5.80e-003h  2
 195 5.5891598e+000 9.01e-002 2.17e-002  -5.7 2.97e-001  -3.4 1.00e+000 1.00e+000h  1
 196 5.5873200e+000 6.06e-002 5.85e-003  -5.7 3.08e-001  -3.9 1.00e+000 1.00e+000h  1
 197 5.5868855e+000 1.11e-002 1.66e-003  -5.7 9.99e-002  -3.5 1.00e+000 9.35e-001h  1
 198 5.5858539e+000 3.84e-002 3.19e-003  -5.7 2.82e-001  -4.0 1.00e+000 1.00e+000f  1
 199 5.5855442e+000 1.75e-002 3.10e-003  -5.7 1.21e-001  -3.5 1.00e+000 1.00e+000h  1
iter    objective    inf_pr   inf_du lg(mu)  ||d||  lg(rg) alpha_du alpha_pr  ls
 200 5.5854297e+000 4.21e-003 1.04e-003  -5.7 5.95e-002  -3.1 1.00e+000 1.00e+000h  1
 201 5.5850407e+000 2.75e-001 5.72e-002  -5.7 4.97e-001  -3.6 1.00e+000 1.00e+000h  1
 202 5.5844217e+000 1.31e-001 7.97e-003  -5.7 2.88e-001  -4.1 1.00e+000 9.19e-001h  1
 203 5.5838070e+000 1.48e-001 4.43e-003  -5.7 7.00e-001  -4.5 1.00e+000 6.40e-001f  1
 204 5.5835178e+000 2.08e-002 1.09e-003  -5.7 2.60e-001  -4.1 1.00e+000 1.00e+000f  1
 205 5.5830396e+000 6.91e-002 1.62e-003  -5.7 6.26e-001  -4.6 1.00e+000 1.00e+000h  1
 206 5.5826195e+000 1.43e-001 1.08e-003  -5.7 1.03e+000  -5.1 1.00e+000 1.00e+000h  1
 207 5.5825324e+000 2.55e-003 9.27e-005  -5.7 2.76e-001  -4.6 1.00e+000 1.00e+000h  1
 208 5.5823471e+000 1.03e-001 1.03e-002  -5.7 1.37e+000  -5.1 1.00e+000 1.00e+000H  1
 209 5.5823585e+000 2.57e-002 1.05e-003  -5.7 8.07e-001  -5.6 1.00e+000 1.00e+000h  1
iter    objective    inf_pr   inf_du lg(mu)  ||d||  lg(rg) alpha_du alpha_pr  ls
 210 5.5823427e+000 3.39e-002 1.29e-003  -5.7 1.57e+000  -6.1 1.00e+000 5.00e-001h  2
 211 5.5822997e+000 3.54e-003 1.33e-004  -5.7 3.49e-001    -  1.00e+000 1.00e+000h  1
 212 5.5822952e+000 6.72e-005 1.28e-006  -5.7 4.15e-002    -  1.00e+000 1.00e+000h  1
 213 5.5747626e+000 1.84e-002 4.59e-002  -7.0 6.39e-001    -  6.32e-001 4.39e-001f  1
 214 5.5716818e+000 1.79e-002 1.09e-001  -7.0 2.85e-001    -  7.19e-001 3.71e-001h  1
 215 5.5695042e+000 1.34e-002 1.25e-001  -7.0 2.18e-001    -  8.09e-001 4.83e-001h  1
 216 5.5683887e+000 7.91e-003 1.14e-001  -7.0 1.45e-001    -  8.89e-001 5.75e-001h  1
 217 5.5678190e+000 2.39e-003 4.70e-002  -7.0 7.13e-002    -  1.00e+000 8.30e-001h  1
 218 5.5677192e+000 1.72e-004 6.32e-006  -7.0 1.68e-002    -  1.00e+000 1.00e+000f  1
 219 5.5677187e+000 3.56e-007 2.53e-007  -7.0 9.46e-004    -  1.00e+000 1.00e+000h  1

Number of Iterations....: 219

                                   (scaled)                 (unscaled)
Objective...............:  5.5677187208543986e+000   5.5677187208543986e+000
Dual infeasibility......:  2.5306464111144594e-007   2.5306464111144594e-007
Constraint violation....:  7.0446983667939330e-009   3.5645054197175341e-007
Complementarity.........:  9.4600148294631696e-008   9.4600148294631696e-008
Overall NLP error.......:  2.5306464111144594e-007   3.5645054197175341e-007


Number of objective function evaluations             = 241
Number of objective gradient evaluations             = 220
Number of equality constraint evaluations            = 241
Number of inequality constraint evaluations          = 241
Number of equality constraint Jacobian evaluations   = 221
Number of inequality constraint Jacobian evaluations = 221
Number of Lagrangian Hessian evaluations             = 219
Total CPU secs in IPOPT (w/o function evaluations)   =    158.911
Total CPU secs in NLP function evaluations           =     13.466

EXIT: Optimal Solution Found.
      solver  :   t_proc      (avg)   t_wall      (avg)    n_eval
       nlp_f  | 134.00ms (556.02us) 134.04ms (556.18us)       241
       nlp_g  |   1.50 s (  6.23ms)   1.50 s (  6.23ms)       241
  nlp_grad_f  | 230.00ms (  1.04ms) 230.06ms (  1.04ms)       221
  nlp_hess_l  |   5.97 s ( 27.40ms)   5.97 s ( 27.40ms)       218
   nlp_jac_g  |   5.56 s ( 25.04ms)   5.56 s ( 25.04ms)       222
       total  | 172.38 s (172.38 s) 172.38 s (172.38 s)         1
Computation time solving OCP: 174.7616 s
