This is Ipopt version 3.12.3, running with linear solver mumps.
NOTE: Other linear solvers might be more efficient (see Ipopt documentation).

Number of nonzeros in equality constraint Jacobian...:   237250
Number of nonzeros in inequality constraint Jacobian.:    73384
Number of nonzeros in Lagrangian Hessian.............:   259259

Total number of variables............................:    73384
                     variables with only lower bounds:        0
                variables with lower and upper bounds:        0
                     variables with only upper bounds:        0
Total number of equality constraints.................:    57210
Total number of inequality constraints...............:    73384
        inequality constraints with only lower bounds:    13960
   inequality constraints with lower and upper bounds:    59424
        inequality constraints with only upper bounds:        0

iter    objective    inf_pr   inf_du lg(mu)  ||d||  lg(rg) alpha_du alpha_pr  ls
   0 2.1945983e+002 3.80e+001 1.00e+002  -1.0 0.00e+000    -  0.00e+000 0.00e+000   0
   1 1.9956825e+002 3.58e+001 9.46e+001  -1.0 1.48e+001    -  1.06e-001 5.81e-002f  1
   2 1.8730727e+002 3.33e+001 4.27e+002  -1.0 1.26e+001    -  4.94e-002 7.09e-002f  1
   3 1.8213136e+002 3.22e+001 3.58e+002  -1.0 1.01e+001    -  4.89e-002 3.49e-002f  1
   4 1.8054015e+002 3.18e+001 3.43e+002  -1.0 9.24e+000    -  3.68e-002 1.16e-002f  1
   5 1.7285073e+002 2.67e+001 8.34e+002  -1.0 1.14e+001    -  4.40e-002 1.71e-001f  1
   6 1.7171160e+002 2.61e+001 7.99e+002  -1.0 1.53e+001    -  3.03e-002 2.15e-002f  1
   7 2.1138381e+002 1.91e+001 2.05e+003  -1.0 1.74e+001    -  1.19e-001 4.50e-001f  1
   8 2.1328365e+002 1.80e+001 1.87e+003  -1.0 1.49e+001   0.0 1.80e-002 6.03e-002f  1
   9 2.1330593e+002 1.77e+001 1.84e+003  -1.0 5.60e+000   0.4 1.85e-002 1.49e-002f  1
iter    objective    inf_pr   inf_du lg(mu)  ||d||  lg(rg) alpha_du alpha_pr  ls
  10 2.1275219e+002 1.75e+001 1.82e+003  -1.0 4.91e+000   0.9 4.42e-002 1.04e-002f  1
  11 2.1272395e+002 1.71e+001 1.77e+003  -1.0 5.88e+000   0.4 6.04e-002 2.51e-002f  1
  12 2.1088354e+002 1.59e+001 1.61e+003  -1.0 4.90e+000   0.8 1.12e-002 7.32e-002f  1
  13 2.1138781e+002 1.54e+001 1.55e+003  -1.0 6.53e+000   0.3 4.40e-002 3.31e-002f  1
  14 2.1037137e+002 1.46e+001 1.47e+003  -1.0 4.79e+000   0.7 2.23e-002 4.87e-002f  1
  15 2.1407149e+002 1.34e+001 1.33e+003  -1.0 6.68e+000   0.3 3.64e-002 8.78e-002f  1
  16 2.1664727e+002 1.29e+001 1.29e+003  -1.0 1.33e+001  -0.2 1.35e-002 3.42e-002f  1
  17 2.1726435e+002 1.27e+001 1.27e+003  -1.0 3.64e+000   0.2 6.79e-002 1.60e-002f  1
  18 2.3437381e+002 1.06e+001 1.04e+003  -1.0 6.31e+000  -0.3 6.31e-002 1.70e-001f  1
  19 2.3993044e+002 9.75e+000 9.56e+002  -1.0 1.58e+000   0.2 1.39e-001 8.20e-002f  1
iter    objective    inf_pr   inf_du lg(mu)  ||d||  lg(rg) alpha_du alpha_pr  ls
  20 2.6212243e+002 7.94e+000 7.74e+002  -1.0 2.81e+000  -0.3 2.23e-001 1.88e-001f  1
  21 3.0500544e+002 5.78e+000 5.58e+002  -1.0 3.64e+000  -0.8 2.93e-001 2.77e-001f  1
  22 3.9567490e+002 3.07e+000 3.39e+002  -1.0 2.02e+001  -1.3 1.78e-001 4.88e-001f  1
  23 4.1180766e+002 2.73e+000 3.01e+002  -1.0 7.79e+000  -0.8 3.79e-002 1.14e-001f  1
  24 4.1869845e+002 2.57e+000 2.84e+002  -1.0 7.14e+000  -0.4 2.21e-001 5.72e-002f  1
  25 5.8492771e+002 1.57e+000 8.52e+002  -1.0 1.01e+001  -0.9 1.41e-001 1.00e+000f  1
  26 6.1324148e+002 8.12e-001 4.58e+002  -1.0 3.87e+000  -0.5 1.25e-001 5.62e-001f  1
  27 6.1350482e+002 8.09e-001 4.57e+002  -1.0 2.30e+002  -0.9 1.25e-002 3.43e-003h  1
  28 6.2334492e+002 6.51e-001 3.58e+002  -1.0 1.37e+001  -1.4 7.21e-002 2.46e-001f  1
  29 6.6123996e+002 1.07e+000 8.74e+001  -1.0 6.38e+000  -1.9 6.72e-001 1.00e+000f  1
iter    objective    inf_pr   inf_du lg(mu)  ||d||  lg(rg) alpha_du alpha_pr  ls
  30 6.6616941e+002 8.70e-001 6.21e+001  -1.0 3.30e+000  -1.5 3.82e-001 2.77e-001f  1
  31 6.8345254e+002 7.67e-001 1.04e+002  -1.0 3.54e+000  -1.0 6.22e-001 1.00e+000f  1
  32 6.8666842e+002 7.77e-002 2.51e+001  -1.0 5.84e-001  -0.6 4.56e-001 1.00e+000f  1
  33 6.8777319e+002 1.76e-001 8.96e+000  -1.0 1.24e+000  -1.1 5.57e-001 1.00e+000f  1
  34 6.8734886e+002 3.59e-001 1.59e+002  -1.0 6.32e+000  -1.6 2.71e-001 8.92e-001f  1
  35 6.8737829e+002 1.61e-001 1.10e+002  -1.0 3.35e+000  -1.1 2.20e-001 6.37e-001f  1
  36 6.8715202e+002 1.79e-001 2.39e+002  -1.0 3.47e+000  -0.7 1.00e+000 1.00e+000f  1
  37 6.8714316e+002 1.23e-001 1.30e+002  -1.0 5.02e+000  -1.2 5.36e-002 3.73e-001f  1
  38 6.8689327e+002 2.98e-001 5.50e+001  -1.0 4.08e+001  -1.7 3.87e-002 3.26e-001f  1
  39 6.8689325e+002 2.89e-001 5.26e+001  -1.0 3.91e+000   0.6 1.13e-001 3.16e-002h  1
iter    objective    inf_pr   inf_du lg(mu)  ||d||  lg(rg) alpha_du alpha_pr  ls
  40 6.8697863e+002 1.75e-001 1.00e+003  -1.0 1.93e+000   0.1 6.55e-001 4.71e-001H  1
  41 6.8728218e+002 1.15e-001 2.80e+002  -1.0 1.11e+000  -0.4 3.62e-002 5.06e-001H  1
  42 6.8722584e+002 8.82e-002 1.72e+002  -1.0 6.33e+000  -0.9 1.03e-001 2.31e-001F  1
  43 6.8725415e+002 7.60e-002 1.55e+002  -1.0 2.27e-001   1.4 1.00e+000 1.41e-001h  1
  44 6.8740568e+002 5.59e-002 1.31e+002  -1.0 2.62e-001   0.9 1.00e+000 2.71e-001h  1
  45 6.8745668e+002 4.73e-002 4.28e+002  -1.0 1.64e+000   0.4 1.00e+000 1.57e-001h  1
  46 6.8750510e+002 3.07e-003 1.15e+002  -1.0 1.73e+000  -0.1 1.00e+000 1.00e+000f  1
  47 6.8745233e+002 1.77e-003 2.68e+001  -1.0 6.19e-001  -0.5 6.87e-001 1.00e+000f  1
  48 6.8725311e+002 9.55e-003 1.06e+002  -1.0 7.37e-001  -1.0 6.29e-001 1.00e+000f  1
  49 6.8681853e+002 2.48e-002 4.46e+001  -1.0 1.80e+000  -1.5 5.49e-001 1.00e+000f  1
iter    objective    inf_pr   inf_du lg(mu)  ||d||  lg(rg) alpha_du alpha_pr  ls
  50 6.8662414e+002 4.70e-003 8.80e+000  -1.0 1.39e+000  -1.1 9.74e-001 1.00e+000f  1
  51 6.8623061e+002 3.41e-002 5.20e+001  -1.0 6.42e+000  -1.6 3.57e-001 1.00e+000f  1
  52 6.8653750e+002 3.89e-002 3.28e+001  -1.0 2.28e+000  -1.1 4.73e-001 7.57e-001h  1
  53 6.8618989e+002 6.87e-002 2.37e+001  -1.0 2.15e+001  -1.6 6.13e-002 2.45e-001f  2
  54 6.8570833e+002 1.23e-001 1.29e+001  -1.0 4.49e+000  -2.1 1.52e-001 7.25e-001f  1
  55 6.8568879e+002 1.72e-001 4.84e+000  -1.0 4.42e+000  -1.7 1.00e+000 6.66e-001f  1
  56 6.8537122e+002 1.36e-001 2.81e+001  -1.0 1.76e+001  -2.1 1.52e-001 3.27e-001f  1
  57 6.8528845e+002 1.04e-001 2.79e+001  -1.0 5.05e+000  -1.7 1.00e+000 1.00e+000f  1
  58 6.8494481e+002 4.33e-001 7.40e+000  -1.0 1.13e+001  -2.2 2.40e-001 9.90e-001f  1
  59 6.8500317e+002 3.26e-001 7.10e+001  -1.0 4.12e+000  -0.9 5.16e-001 3.55e-001H  1
iter    objective    inf_pr   inf_du lg(mu)  ||d||  lg(rg) alpha_du alpha_pr  ls
  60 6.8497240e+002 3.12e-001 7.00e+001  -1.0 1.39e+001  -1.3 1.01e-001 5.73e-002h  1
  61 6.8478897e+002 1.60e-001 5.34e+002  -1.0 7.55e+000  -1.8 8.18e-001 1.00e+000f  1
  62 6.8479075e+002 1.37e-001 4.54e+002  -1.0 4.14e+000  -0.5 1.00e+000 1.63e-001h  1
  63 6.8472199e+002 5.12e-002 2.51e+001  -1.0 9.58e-001  -1.0 8.32e-001 1.00e+000f  1
  64 6.8472177e+002 3.03e-003 6.96e+000  -1.0 2.17e-001  -0.5 8.93e-001 1.00e+000h  1
  65 6.8471410e+002 3.77e-003 1.53e+000  -1.0 5.65e-001  -1.0 1.00e+000 1.00e+000f  1
  66 6.8467591e+002 3.59e-003 1.77e-001  -1.0 4.54e-001  -1.5 1.00e+000 1.00e+000h  1
  67 3.3951011e+002 1.56e+000 4.52e+000  -2.5 5.50e-001  -2.0 6.89e-001 1.00e+000f  1
  68 1.3151493e+002 1.43e+000 6.30e-001  -2.5 5.64e-001  -2.4 8.77e-001 1.00e+000f  1
  69 4.6126623e+001 3.70e+000 1.04e+000  -2.5 1.01e+000  -2.9 1.00e+000 1.00e+000f  1
iter    objective    inf_pr   inf_du lg(mu)  ||d||  lg(rg) alpha_du alpha_pr  ls
  70 2.8484878e+001 7.39e-001 1.76e+000  -2.5 2.32e+000  -3.4 1.00e+000 1.00e+000h  1
  71 2.7861619e+001 8.19e-002 3.58e-001  -2.5 4.23e-001  -3.0 1.00e+000 1.00e+000h  1
  72 2.7787816e+001 3.08e-002 6.47e-002  -2.5 7.28e-001  -3.4 1.00e+000 1.00e+000h  1
  73 2.7769701e+001 3.92e-003 1.89e-003  -2.5 2.54e-001  -3.0 1.00e+000 1.00e+000h  1
  74 9.7793389e+000 5.90e-001 3.23e-001  -3.8 6.20e-001  -3.5 8.57e-001 1.00e+000f  1
  75 5.0982954e+000 7.81e-001 1.01e-001  -3.8 6.54e-001  -4.0 9.89e-001 1.00e+000h  1
  76 4.1242254e+000 1.33e-001 2.97e-002  -3.8 1.70e-001  -3.5 1.00e+000 1.00e+000h  1
  77 3.9403831e+000 1.78e-002 1.33e-003  -3.8 4.06e-001  -4.0 1.00e+000 1.00e+000h  1
  78 2.9234264e+000 3.66e-001 8.22e-003  -5.7 2.85e-001  -4.5 7.48e-001 1.00e+000h  1
  79 2.4775626e+000 5.62e-001 9.03e-001  -5.7 1.29e+000  -5.0 4.14e-001 3.10e-001h  1
iter    objective    inf_pr   inf_du lg(mu)  ||d||  lg(rg) alpha_du alpha_pr  ls
  80 2.4563185e+000 4.96e-001 8.10e-001  -5.7 2.80e-001  -1.8 4.90e-001 1.17e-001h  1
  81 2.3774550e+000 3.42e-001 5.88e-001  -5.7 2.80e-001  -2.3 5.08e-001 3.10e-001h  1
  82 2.2388157e+000 2.29e-001 4.15e-001  -5.7 4.22e-001  -2.8 8.58e-001 3.32e-001h  1
  83 1.8624384e+000 2.40e-001 2.70e-001  -5.7 3.70e-001  -3.3 1.00e+000 4.00e-001h  1
  84 1.6515431e+000 8.38e-002 7.43e-002  -5.7 2.20e-001  -2.8 1.00e+000 8.48e-001h  1
  85 1.5490037e+000 1.21e-001 1.15e-001  -5.7 4.18e-001  -3.3 3.82e-001 3.02e-001h  1
  86 1.5255919e+000 1.17e-001 1.13e-001  -5.7 2.38e+000  -3.8 1.53e-001 2.84e-002h  1
  87 1.2205622e+000 4.37e-001 3.42e-002  -5.7 2.43e-001  -3.4 1.23e-001 9.23e-001f  1
  88 1.1146553e+000 1.15e+000 5.80e-002  -5.7 1.08e+000  -3.9 1.14e-001 2.43e-001h  1
  89 1.1123833e+000 1.10e+000 5.56e-002  -5.7 5.22e-001  -2.5 3.13e-001 4.23e-002h  1
iter    objective    inf_pr   inf_du lg(mu)  ||d||  lg(rg) alpha_du alpha_pr  ls
  90 1.0905703e+000 8.86e-001 4.40e-002  -5.7 7.16e-001  -3.0 2.40e-001 1.97e-001h  1
  91 1.0185441e+000 7.78e-001 2.44e-002  -5.7 6.52e-001  -3.5 2.23e-002 3.40e-001h  1
  92 9.2205927e-001 6.04e-001 1.95e-002  -5.7 7.98e-001  -4.0 4.31e-001 2.45e-001h  1
  93 8.1995472e-001 2.41e-001 1.72e-002  -5.7 2.05e-001  -3.5 4.21e-001 6.60e-001h  1
  94 7.6869184e-001 5.84e-002 1.61e-002  -5.7 1.02e-001  -3.1 5.88e-001 1.00e+000h  1
  95 7.1583865e-001 4.87e-001 1.32e-002  -5.7 3.46e-001  -3.6 7.60e-001 5.00e-001h  1
  96 6.8579192e-001 7.15e-001 1.11e-002  -5.7 1.63e+000  -4.1 4.35e-001 1.68e-001h  1
  97 5.7140507e-001 5.38e-001 9.75e-003  -5.7 6.32e-001  -4.5 1.00e+000 5.00e-001h  1
  98 4.9665592e-001 1.80e+000 8.16e-003  -5.7 1.28e+000  -5.0 8.53e-001 5.81e-001h  1
  99 4.7148940e-001 1.11e+000 6.39e-003  -5.7 3.64e+000  -5.5 1.00e+000 4.09e-001h  1
iter    objective    inf_pr   inf_du lg(mu)  ||d||  lg(rg) alpha_du alpha_pr  ls
 100 4.4664446e-001 1.34e-001 2.42e-003  -5.7 6.38e-001  -5.1 3.54e-001 1.00e+000h  1
 101 4.4143659e-001 1.10e-001 5.99e-004  -5.7 1.04e+000  -5.5 8.90e-001 1.00e+000h  1
 102 4.4109391e-001 2.37e-002 2.27e-004  -5.7 3.36e-001  -5.1 1.00e+000 1.00e+000h  1
 103 4.4037453e-001 3.07e-002 1.61e-004  -5.7 7.84e-001  -5.6 1.00e+000 1.00e+000h  1
 104 4.4001197e-001 1.05e-002 6.31e-005  -5.7 3.42e-001  -5.2 1.00e+000 1.00e+000h  1
 105 4.3967900e-001 1.47e-001 1.11e-003  -5.7 1.42e+000  -5.6 1.00e+000 1.00e+000h  1
 106 4.3924991e-001 6.99e-001 4.73e-003  -5.7 7.13e+000  -6.1 9.49e-001 4.36e-001H  1
 107 4.3896885e-001 3.41e-002 1.45e-003  -5.7 1.07e+000  -5.7 3.81e-001 1.00e+000h  1
 108 4.3901304e-001 5.30e-002 9.35e-004  -5.7 1.18e+000  -6.2 1.00e+000 1.00e+000h  1
 109 4.3894269e-001 3.26e-003 1.41e-004  -5.7 3.04e-001  -5.7 1.00e+000 1.00e+000h  1
iter    objective    inf_pr   inf_du lg(mu)  ||d||  lg(rg) alpha_du alpha_pr  ls
 110 4.3892430e-001 1.01e-001 5.11e-004  -5.7 1.13e+000  -6.2 1.00e+000 1.00e+000H  1
 111 4.3894748e-001 4.59e-002 2.33e-004  -5.7 9.21e-001  -6.7 1.00e+000 5.00e-001h  2
 112 4.3896165e-001 3.26e-003 1.50e-005  -5.7 2.17e-001  -6.3 1.00e+000 1.00e+000h  1
 113 4.3897314e-001 7.73e-004 1.50e-005  -5.7 5.26e-001  -6.7 1.00e+000 1.00e+000H  1
 114 4.3897570e-001 1.27e-004 6.04e-007  -5.7 9.86e-002  -6.3 1.00e+000 1.00e+000h  1
 115 4.3897619e-001 1.64e-004 1.25e-005  -5.7 1.91e+000  -6.8 1.00e+000 3.12e-002h  6
 116 4.3897960e-001 2.81e-005 2.33e-006  -5.7 2.04e-001  -6.4 1.00e+000 1.00e+000H  1
 117 4.3898310e-001 8.08e-003 2.28e-005  -5.7 9.83e-001  -6.9 1.00e+000 1.00e+000H  1
 118 4.3899782e-001 3.93e-004 2.04e-006  -5.7 1.49e-001    -  1.00e+000 1.00e+000h  1
 119 4.3899621e-001 1.60e-005 4.12e-008  -5.7 2.24e-002    -  1.00e+000 1.00e+000h  1
iter    objective    inf_pr   inf_du lg(mu)  ||d||  lg(rg) alpha_du alpha_pr  ls
 120 3.9893234e-001 1.35e+000 3.42e-003  -7.0 4.12e+000    -  3.75e-001 3.30e-001f  1
 121 3.6608776e-001 8.59e-001 2.12e-003  -7.0 2.13e+000  -6.4 7.78e-002 3.94e-001h  1
 122 3.5369543e-001 6.35e-001 1.64e-003  -7.0 6.60e-001  -6.0 6.54e-001 2.65e-001h  1
 123 3.4094135e-001 3.96e-001 1.11e-003  -7.0 4.77e-001  -5.6 3.63e-001 3.84e-001h  1
 124 3.3261825e-001 2.27e-001 8.60e-004  -7.0 1.67e+000  -6.1 5.01e-001 4.38e-001h  1
 125 3.2857782e-001 1.31e-001 6.77e-004  -7.0 6.48e-001  -5.6 9.13e-001 4.36e-001h  1
 126 3.2560975e-001 4.43e-002 3.52e-004  -7.0 2.86e-001  -5.2 1.00e+000 7.07e-001h  1
 127 3.2456500e-001 1.54e-002 1.87e-004  -7.0 7.09e-001  -5.7 1.00e+000 7.84e-001h  1
 128 3.2423891e-001 3.81e-003 5.88e-005  -7.0 1.94e-001  -5.3 1.00e+000 1.00e+000f  1
 129 3.2411253e-001 5.70e-003 1.41e-004  -7.0 4.26e-001  -5.7 1.00e+000 1.00e+000h  1
iter    objective    inf_pr   inf_du lg(mu)  ||d||  lg(rg) alpha_du alpha_pr  ls
 130 3.2409571e-001 1.50e-002 3.60e-004  -7.0 5.59e+000  -6.2 3.44e-001 1.04e-001h  3
 131 3.2398815e-001 4.81e-003 1.16e-004  -7.0 3.40e-001  -5.8 1.00e+000 1.00e+000h  1
 132 3.2397893e-001 6.28e-003 3.34e-004  -7.0 2.67e+000  -6.3 9.03e-001 2.10e-001h  3
 133 3.2390402e-001 3.14e-003 4.38e-005  -7.0 2.57e-001  -5.8 1.00e+000 1.00e+000h  1
 134 3.2385180e-001 2.98e-002 3.67e-004  -7.0 1.20e+000  -6.3 1.00e+000 1.00e+000H  1
 135 3.2382889e-001 3.95e-003 6.97e-005  -7.0 3.23e-001  -5.9 1.00e+000 1.00e+000h  1
 136 3.2381909e-001 4.13e-003 5.87e-005  -7.0 4.01e-001  -6.4 1.00e+000 1.00e+000H  1
 137 3.2380508e-001 1.34e-002 1.37e-004  -7.0 8.61e-001  -6.8 1.00e+000 1.00e+000H  1
 138 3.2381025e-001 6.55e-004 7.82e-006  -7.0 9.11e-002  -6.4 1.00e+000 1.00e+000h  1
 139 3.2377015e-001 3.30e-002 1.42e-005  -7.0 9.62e-001  -6.9 1.00e+000 1.00e+000H  1
iter    objective    inf_pr   inf_du lg(mu)  ||d||  lg(rg) alpha_du alpha_pr  ls
 140 3.2378979e-001 1.63e-002 7.04e-006  -7.0 1.91e-001  -6.5 1.00e+000 5.00e-001h  2
 141 3.2378975e-001 1.53e-002 3.83e-005  -7.0 7.63e-001  -6.9 1.00e+000 1.00e+000H  1
 142 3.2379898e-001 6.34e-003 2.45e-005  -7.0 3.54e-001  -7.4 1.00e+000 5.00e-001h  2
 143 3.2380637e-001 3.59e-004 2.50e-006  -7.0 9.60e-002  -7.0 1.00e+000 1.00e+000h  1
 144 3.2380607e-001 6.32e-005 3.23e-007  -7.0 3.87e-002  -7.5 1.00e+000 1.00e+000h  1
 145 3.2380602e-001 2.33e-005 1.08e-007  -7.0 2.31e-002  -7.0 1.00e+000 1.00e+000h  1
 146 3.2380603e-001 2.35e-005 1.40e-004  -7.0 1.63e+001  -7.5 3.84e-001 1.28e-004h 12
 147 3.2380605e-001 4.84e-006 4.03e-007  -7.0 4.37e-002  -7.1 1.00e+000 1.00e+000H  1

Number of Iterations....: 147

                                   (scaled)                 (unscaled)
Objective...............:  5.4412677583183272e-002   3.2380605249227601e-001
Dual infeasibility......:  4.0312868439167383e-007   2.3989907083641788e-006
Constraint violation....:  2.2220358175673027e-007   4.8413012478931705e-006
Complementarity.........:  9.2240196530941143e-008   5.4891498169953568e-007
Overall NLP error.......:  4.0312868439167383e-007   4.8413012478931705e-006


Number of objective function evaluations             = 196
Number of objective gradient evaluations             = 148
Number of equality constraint evaluations            = 196
Number of inequality constraint evaluations          = 196
Number of equality constraint Jacobian evaluations   = 148
Number of inequality constraint Jacobian evaluations = 148
Number of Lagrangian Hessian evaluations             = 147
Total CPU secs in IPOPT (w/o function evaluations)   =    106.306
Total CPU secs in NLP function evaluations           =      9.110

EXIT: Optimal Solution Found.
      solver  :   t_proc      (avg)   t_wall      (avg)    n_eval
       nlp_f  | 109.00ms (556.12us) 109.01ms (556.19us)       196
       nlp_g  |   1.16 s (  5.94ms)   1.17 s (  5.94ms)       196
  nlp_grad_f  | 159.00ms (  1.07ms) 157.49ms (  1.06ms)       149
  nlp_hess_l  |   3.96 s ( 26.90ms)   3.96 s ( 26.92ms)       147
   nlp_jac_g  |   3.67 s ( 24.62ms)   3.67 s ( 24.60ms)       149
       total  | 115.42 s (115.42 s) 115.42 s (115.42 s)         1
Computation time solving OCP: 117.9012 s
