This is Ipopt version 3.12.3, running with linear solver mumps.
NOTE: Other linear solvers might be more efficient (see Ipopt documentation).

Number of nonzeros in equality constraint Jacobian...:   237250
Number of nonzeros in inequality constraint Jacobian.:    73384
Number of nonzeros in Lagrangian Hessian.............:   259259

Total number of variables............................:    73384
                     variables with only lower bounds:        0
                variables with lower and upper bounds:        0
                     variables with only upper bounds:        0
Total number of equality constraints.................:    57210
Total number of inequality constraints...............:    73384
        inequality constraints with only lower bounds:    13960
   inequality constraints with lower and upper bounds:    59424
        inequality constraints with only upper bounds:        0

iter    objective    inf_pr   inf_du lg(mu)  ||d||  lg(rg) alpha_du alpha_pr  ls
   0 2.1945983e+002 7.14e+001 1.00e+002  -1.0 0.00e+000    -  0.00e+000 0.00e+000   0
   1 1.9975151e+002 6.72e+001 9.46e+001  -1.0 1.48e+001    -  1.06e-001 5.81e-002f  1
   2 1.8814052e+002 6.25e+001 4.27e+002  -1.0 1.26e+001    -  4.94e-002 7.09e-002f  1
   3 1.8340468e+002 6.03e+001 3.58e+002  -1.0 1.01e+001    -  4.88e-002 3.49e-002f  1
   4 1.8197509e+002 5.96e+001 3.43e+002  -1.0 9.24e+000    -  3.67e-002 1.15e-002f  1
   5 1.7763784e+002 4.93e+001 8.31e+002  -1.0 1.14e+001    -  4.39e-002 1.71e-001f  1
   6 1.7692357e+002 4.83e+001 7.95e+002  -1.0 1.53e+001    -  3.02e-002 2.17e-002f  1
   7 2.3047780e+002 2.58e+001 2.08e+003  -1.0 1.74e+001    -  1.19e-001 4.55e-001f  1
   8 2.3346703e+002 2.42e+001 1.90e+003  -1.0 1.67e+001   0.0 2.04e-002 6.06e-002f  1
   9 2.3377635e+002 2.39e+001 1.87e+003  -1.0 5.63e+000   0.4 1.74e-002 1.53e-002f  1
iter    objective    inf_pr   inf_du lg(mu)  ||d||  lg(rg) alpha_du alpha_pr  ls
  10 2.3343348e+002 2.36e+001 1.85e+003  -1.0 4.93e+000   0.9 4.38e-002 1.01e-002f  1
  11 2.3384938e+002 2.30e+001 1.79e+003  -1.0 5.71e+000   0.4 5.92e-002 2.60e-002f  1
  12 2.3318390e+002 2.14e+001 1.64e+003  -1.0 4.85e+000   0.8 1.14e-002 6.91e-002f  1
  13 2.3398800e+002 2.08e+001 1.59e+003  -1.0 7.13e+000   0.3 4.54e-002 2.95e-002f  1
  14 2.3367141e+002 1.97e+001 1.50e+003  -1.0 4.81e+000   0.7 2.20e-002 5.19e-002f  1
  15 2.3697340e+002 1.83e+001 1.39e+003  -1.0 5.23e+000   0.3 3.66e-002 6.98e-002f  1
  16 2.3984545e+002 1.77e+001 1.34e+003  -1.0 1.50e+001  -0.2 1.74e-002 3.56e-002f  1
  17 2.4044665e+002 1.74e+001 1.32e+003  -1.0 3.09e+000   0.2 6.55e-002 1.42e-002f  1
  18 2.5722169e+002 1.46e+001 1.10e+003  -1.0 7.24e+000  -0.3 6.37e-002 1.62e-001f  1
  19 2.6137251e+002 1.36e+001 1.03e+003  -1.0 1.74e+000   0.2 1.25e-001 6.29e-002f  1
iter    objective    inf_pr   inf_du lg(mu)  ||d||  lg(rg) alpha_du alpha_pr  ls
  20 2.8432267e+002 1.09e+001 8.23e+002  -1.0 2.99e+000  -0.3 1.97e-001 1.98e-001f  1
  21 3.2665805e+002 7.51e+000 5.83e+002  -1.0 3.63e+000  -0.8 3.00e-001 2.89e-001f  1
  22 4.0145698e+002 3.14e+000 2.87e+002  -1.0 2.35e+000  -0.4 2.89e-001 5.06e-001f  1
  23 5.6093675e+002 2.63e+000 2.01e+002  -1.0 1.28e+000  -0.8 4.13e-001 1.00e+000f  1
  24 6.1759903e+002 7.42e-001 2.81e+001  -1.0 2.94e-001  -0.4 4.73e-001 1.00e+000f  1
  25 6.4691991e+002 1.45e+000 2.32e+001  -1.0 9.25e-001  -0.9 5.80e-001 1.00e+000f  1
  26 6.5503848e+002 2.19e+000 5.02e+001  -1.0 1.92e+000  -1.4 5.99e-001 1.00e+000f  1
  27 6.5397234e+002 4.45e+000 9.62e+001  -1.0 3.32e+000  -1.8 5.27e-001 8.83e-001f  1
  28 6.5218142e+002 8.38e-001 1.37e+001  -1.0 2.80e+000  -2.3 7.51e-001 1.00e+000f  1
  29 6.5184151e+002 8.27e-002 2.15e+000  -1.0 1.48e+000  -1.9 1.00e+000 1.00e+000h  1
iter    objective    inf_pr   inf_du lg(mu)  ||d||  lg(rg) alpha_du alpha_pr  ls
  30 6.5120884e+002 4.49e-001 9.80e+000  -1.0 6.98e+000  -2.4 2.76e-001 1.00e+000f  1
  31 6.5117789e+002 3.10e-001 1.71e+001  -1.0 8.65e+000  -1.9 2.46e-001 4.76e-001h  1
  32 6.5101369e+002 1.63e-002 4.77e+000  -1.0 2.18e+000  -1.5 1.00e+000 1.00e+000f  1
  33 6.5085689e+002 2.71e-002 1.57e+000  -1.0 9.51e-001  -2.0 1.00e+000 1.00e+000h  1
  34 6.5012987e+002 1.94e+000 3.68e+000  -1.0 6.44e+000  -2.5 1.00e+000 1.00e+000H  1
  35 6.5037211e+002 1.98e-001 5.57e-001  -1.0 7.86e-001  -2.0 1.00e+000 1.00e+000h  1
  36 3.7098597e+002 1.01e+000 3.99e+000  -1.7 3.27e-001  -1.6 8.39e-001 1.00e+000f  1
  37 2.0532699e+002 6.81e-001 6.70e-001  -1.7 3.31e-001  -2.1 1.00e+000 1.00e+000f  1
  38 1.7309904e+002 1.51e-001 2.88e-001  -1.7 4.76e-001  -2.6 1.00e+000 1.00e+000h  1
  39 1.7212116e+002 7.19e-003 1.99e-002  -1.7 1.69e-001  -2.1 1.00e+000 1.00e+000h  1
iter    objective    inf_pr   inf_du lg(mu)  ||d||  lg(rg) alpha_du alpha_pr  ls
  40 5.8057414e+001 1.00e+000 1.08e+000  -3.8 5.33e-001  -2.6 7.85e-001 1.00e+000f  1
  41 1.8377038e+001 2.64e+000 8.33e-001  -3.8 7.05e-001  -3.1 7.10e-001 1.00e+000f  1
  42 7.2555952e+000 7.49e-001 2.39e-001  -3.8 7.08e-001  -3.6 7.76e-001 1.00e+000h  1
  43 4.7040283e+000 6.87e-001 4.43e-002  -3.8 7.52e-001  -4.1 9.46e-001 1.00e+000h  1
  44 3.9499886e+000 1.73e-001 2.55e-002  -3.8 1.52e+000  -4.5 1.00e+000 1.00e+000h  1
  45 3.8666923e+000 1.03e-002 7.46e-004  -3.8 4.61e-001  -4.1 1.00e+000 1.00e+000h  1
  46 2.8753870e+000 3.52e-001 1.08e-002  -5.7 3.24e-001  -4.6 7.42e-001 1.00e+000h  1
  47 2.4508095e+000 5.35e-001 9.01e-001  -5.7 1.28e+000  -5.1 4.24e-001 3.02e-001h  1
  48 2.4136425e+000 4.22e-001 7.49e-001  -5.7 2.82e-001  -1.9 4.83e-001 2.12e-001h  1
  49 2.4032015e+000 4.05e-001 7.20e-001  -5.7 5.00e-001  -2.4 4.93e-001 3.96e-002h  1
iter    objective    inf_pr   inf_du lg(mu)  ||d||  lg(rg) alpha_du alpha_pr  ls
  50 2.1947044e+000 2.37e-001 4.70e-001  -5.7 4.83e-001  -2.9 7.80e-001 4.16e-001h  1
  51 1.8670682e+000 2.26e-001 3.47e-001  -5.7 5.21e-001  -3.4 6.75e-001 2.84e-001h  1
  52 1.7107380e+000 1.42e-001 1.98e-001  -5.7 2.72e-001  -2.9 1.00e+000 4.75e-001h  1
  53 1.6629145e+000 2.13e-001 1.79e-001  -5.7 1.57e+000  -3.4 5.57e-001 9.40e-002h  1
  54 1.4323795e+000 6.97e-002 7.50e-002  -5.7 1.29e-001  -3.0 4.58e-001 1.00e+000h  1
  55 1.2267833e+000 2.45e-001 3.30e-002  -5.7 2.88e-001  -3.5 3.33e-001 6.04e-001h  1
  56 1.1433611e+000 8.04e-002 1.34e-001  -5.7 2.99e-001  -3.0 3.06e-001 7.89e-001h  1
  57 9.4536558e-001 2.82e-001 1.09e-001  -5.7 6.90e-001  -3.5 2.56e-001 8.80e-001h  1
  58 8.6229673e-001 1.00e+000 8.18e-002  -5.7 8.77e-001  -4.0 1.64e-001 2.54e-001h  1
  59 8.4827901e-001 9.12e-001 7.42e-002  -5.7 7.01e-001  -3.6 8.42e-001 9.23e-002h  1
iter    objective    inf_pr   inf_du lg(mu)  ||d||  lg(rg) alpha_du alpha_pr  ls
  60 7.6664448e-001 7.38e-001 5.37e-002  -5.7 8.84e-001  -4.0 6.94e-001 2.76e-001h  1
  61 6.7031290e-001 2.16e-001 1.67e-002  -5.7 1.80e-001  -3.6 4.71e-001 8.42e-001h  1
  62 6.4948024e-001 6.72e-001 1.51e-002  -5.7 1.99e+000  -4.1 5.26e-001 1.28e-001h  1
  63 5.7798597e-001 3.52e-001 1.01e-002  -5.7 1.37e-001  -3.7 8.20e-001 9.92e-001h  1
  64 5.7375892e-001 1.03e+000 1.37e-002  -5.7 5.62e+000  -4.1 1.64e-001 4.74e-002h  1
  65 5.3280469e-001 4.08e-001 9.58e-003  -5.7 1.52e-001  -3.7 1.00e+000 8.71e-001h  1
  66 5.2852915e-001 1.39e+000 8.24e-003  -5.7 3.61e+000  -4.2 5.76e-002 6.20e-002h  1
  67 5.2071302e-001 1.08e+000 1.08e-002  -5.7 8.38e-001  -3.8 9.74e-001 2.22e-001h  1
  68 5.0613826e-001 3.61e-001 6.48e-003  -5.7 9.44e-002  -3.3 5.08e-001 1.00e+000h  1
  69 4.8712764e-001 4.21e-001 1.22e-002  -5.7 1.60e-001  -3.8 8.41e-001 7.56e-001h  1
iter    objective    inf_pr   inf_du lg(mu)  ||d||  lg(rg) alpha_du alpha_pr  ls
  70 4.7973670e-001 1.33e+000 1.06e-002  -5.7 1.25e+000  -4.3 5.26e-001 2.04e-001h  1
  71 4.6239077e-001 3.13e-001 7.10e-003  -5.7 1.24e-001  -3.9 9.59e-001 1.00e+000h  1
  72 4.5584621e-001 1.15e+000 7.05e-003  -5.7 8.04e-001  -4.3 4.21e-001 3.13e-001h  1
  73 4.4972311e-001 8.39e-001 9.50e-003  -5.7 2.40e-001  -3.9 1.00e+000 6.32e-001h  1
  74 4.4581833e-001 4.29e-001 1.87e-002  -5.7 1.02e-001  -3.5 9.94e-001 1.00e+000h  1
  75 4.4443769e-001 9.64e-002 3.60e-003  -5.7 5.11e-002  -3.1 1.00e+000 1.00e+000h  1
  76 4.4309226e-001 2.47e-001 1.19e-002  -5.7 2.49e-001  -3.5 7.06e-001 4.87e-001H  1
  77 4.3695214e-001 3.54e-001 5.20e-003  -5.7 1.79e-001  -4.0 1.00e+000 1.00e+000f  1
  78 4.3520718e-001 4.93e-002 1.62e-003  -5.7 8.07e-002  -3.6 1.00e+000 1.00e+000h  1
  79 4.3287575e-001 7.44e-001 5.98e-003  -5.7 2.59e-001  -4.1 3.84e-001 5.91e-001h  1
iter    objective    inf_pr   inf_du lg(mu)  ||d||  lg(rg) alpha_du alpha_pr  ls
  80 4.3125599e-001 7.14e-001 1.58e-002  -5.7 2.31e-001  -3.6 3.50e-001 9.71e-001f  1
  81 4.3066424e-001 7.79e-001 1.18e-002  -5.7 8.29e-001  -4.1 2.58e-002 2.33e-001f  1
  82 4.3024777e-001 7.39e-001 1.07e-002  -5.7 1.23e+000  -4.6 1.33e-001 1.00e-001f  1
  83 4.2153225e-001 2.71e-001 4.78e-003  -5.7 1.04e+000  -5.1 1.00e+000 9.54e-001f  1
  84 4.1714556e-001 5.07e-002 1.02e-003  -5.7 1.23e+000  -5.6 8.71e-001 1.00e+000h  1
  85 4.1655728e-001 8.22e-003 2.27e-004  -5.7 3.90e-001  -5.1 1.00e+000 1.00e+000h  1
  86 4.1569478e-001 8.91e-002 4.53e-004  -5.7 1.34e+000  -5.6 1.00e+000 1.00e+000h  1
  87 4.1524697e-001 7.89e-003 3.62e-004  -5.7 3.64e-001  -5.2 1.00e+000 1.00e+000h  1
  88 4.1500971e-001 1.50e-001 7.95e-004  -5.7 1.58e+000  -5.7 1.00e+000 1.00e+000h  1
  89 4.1487947e-001 2.17e-001 1.16e-003  -5.7 9.90e+000  -6.1 4.60e-001 1.18e-001h  3
iter    objective    inf_pr   inf_du lg(mu)  ||d||  lg(rg) alpha_du alpha_pr  ls
  90 4.1428614e-001 3.94e-002 5.29e-004  -5.7 5.15e-001  -5.7 1.00e+000 1.00e+000h  1
  91 4.1416247e-001 2.08e-002 2.97e-004  -5.7 4.95e-001  -6.2 1.00e+000 1.00e+000h  1
  92 4.1412196e-001 3.51e-003 1.20e-005  -5.7 1.75e-001  -5.8 1.00e+000 1.00e+000h  1
  93 4.1408465e-001 1.30e-001 5.91e-004  -5.7 1.23e+000  -6.2 1.00e+000 1.00e+000H  1
  94 4.1409096e-001 1.14e-001 5.16e-004  -5.7 1.60e+000  -6.7 1.00e+000 1.25e-001h  4
  95 4.1412736e-001 9.66e-003 8.14e-005  -5.7 3.06e-001  -6.3 1.00e+000 1.00e+000h  1
  96 4.1412050e-001 2.98e-004 3.37e-006  -5.7 6.98e-002  -5.9 1.00e+000 1.00e+000h  1
  97 4.1412633e-001 3.11e-005 4.01e-006  -5.7 2.06e-001  -6.3 1.00e+000 1.00e+000H  1
  98 4.1413010e-001 9.24e-005 3.68e-007  -5.7 7.63e-002  -5.9 1.00e+000 1.00e+000h  1
  99 4.1413849e-001 2.10e-004 8.69e-006  -5.7 3.86e-001  -6.4 1.00e+000 1.00e+000H  1
iter    objective    inf_pr   inf_du lg(mu)  ||d||  lg(rg) alpha_du alpha_pr  ls
 100 4.1414249e-001 5.04e-004 3.28e-005  -5.7 1.05e+001    -  3.29e-001 1.34e-002h  6
 101 4.1414495e-001 5.93e-004 2.57e-005  -5.7 2.56e+000    -  1.00e+000 1.56e-002h  7
 102 4.1419871e-001 2.69e-004 7.39e-005  -5.7 6.37e-001    -  1.00e+000 1.00e+000H  1
 103 4.1417203e-001 1.80e-004 9.17e-006  -5.7 2.91e-001    -  1.00e+000 1.00e+000H  1
 104 4.1416898e-001 3.04e-004 7.02e-007  -5.7 6.53e-002  -6.9 1.00e+000 1.00e+000h  1
 105 4.1416763e-001 8.76e-005 1.96e-007  -5.7 4.64e-002  -7.3 1.00e+000 1.00e+000h  1
 106 4.1416754e-001 8.04e-006 3.14e-008  -5.7 2.67e-002  -6.9 1.00e+000 1.00e+000h  1
 107 3.9246994e-001 4.28e-001 1.92e-003  -7.0 3.55e+001  -7.4 7.59e-002 1.81e-001f  1
 108 3.7013216e-001 3.25e-001 1.72e-003  -7.0 2.12e+000  -5.2 4.11e-001 2.38e-001h  1
 109 3.3883022e-001 2.01e-001 9.85e-004  -7.0 3.54e+000  -5.6 6.19e-001 4.14e-001h  1
iter    objective    inf_pr   inf_du lg(mu)  ||d||  lg(rg) alpha_du alpha_pr  ls
 110 3.3879821e-001 2.09e-001 8.81e-004  -7.0 1.96e+003  -6.1 1.56e-003 1.11e-003h  2
 111 3.2397885e-001 1.41e-001 8.58e-004  -7.0 9.55e-001  -5.7 5.75e-001 3.43e-001h  1
 112 3.1274134e-001 9.97e-002 1.03e-003  -7.0 1.45e+000  -6.2 9.81e-002 4.26e-001h  1
 113 3.0701521e-001 8.17e-002 8.59e-004  -7.0 1.14e+000  -5.7 5.73e-001 4.41e-001h  1
 114 3.0426106e-001 5.04e-002 5.42e-004  -7.0 4.44e-001  -5.3 9.40e-001 4.87e-001h  1
 115 3.0242413e-001 2.84e-002 3.30e-004  -7.0 1.11e+000  -5.8 7.77e-001 6.53e-001h  1
 116 3.0155762e-001 4.63e-003 9.13e-005  -7.0 2.76e-001  -5.4 1.00e+000 1.00e+000h  1
 117 3.0137827e-001 1.63e-002 1.80e-004  -7.0 6.65e-001  -5.8 1.00e+000 1.00e+000h  1
 118 3.0128662e-001 6.02e-004 2.66e-005  -7.0 1.42e-001  -5.4 1.00e+000 1.00e+000h  1
 119 3.0123808e-001 6.33e-003 7.52e-005  -7.0 4.07e-001  -5.9 1.00e+000 1.00e+000h  1
iter    objective    inf_pr   inf_du lg(mu)  ||d||  lg(rg) alpha_du alpha_pr  ls
 120 3.0120387e-001 5.62e-004 1.11e-005  -7.0 1.15e-001  -5.5 1.00e+000 1.00e+000h  1
 121 3.0118600e-001 1.49e-003 3.30e-005  -7.0 2.37e-001  -5.9 1.00e+000 1.00e+000h  1
 122 3.0116208e-001 2.81e-004 4.42e-006  -7.0 8.95e-002  -5.5 1.00e+000 1.00e+000h  1
 123 3.0112449e-001 1.88e-003 8.10e-005  -7.0 4.08e-001  -6.0 1.00e+000 1.00e+000H  1
 124 3.0111480e-001 4.83e-003 1.99e-004  -7.0 1.15e+000  -6.5 1.00e+000 2.50e-001h  3
 125 3.0109402e-001 2.64e-003 3.60e-005  -7.0 2.46e-001  -6.1 1.00e+000 1.00e+000h  1
 126 3.0106345e-001 2.67e-003 1.06e-004  -7.0 6.39e-001  -6.5 1.00e+000 1.00e+000H  1
 127 3.0106130e-001 4.12e-004 1.60e-005  -7.0 1.08e-001  -6.1 1.00e+000 1.00e+000h  1
 128 3.0105635e-001 1.35e-004 8.52e-005  -7.0 2.42e-001  -6.6 1.00e+000 1.00e+000H  1
 129 3.0105641e-001 8.03e-005 3.70e-006  -7.0 4.79e-002  -6.2 1.00e+000 1.00e+000h  1
iter    objective    inf_pr   inf_du lg(mu)  ||d||  lg(rg) alpha_du alpha_pr  ls
 130 3.0105470e-001 1.21e-004 1.10e-005  -7.0 2.02e-001  -6.6 1.00e+000 1.00e+000H  1
 131 3.0105463e-001 1.60e-004 1.25e-004  -7.0 9.41e+000  -7.1 2.84e-001 6.32e-003h  7
 132 3.0105260e-001 6.75e-004 2.25e-005  -7.0 3.37e-001  -6.7 1.00e+000 1.00e+000H  1
 133 3.0097419e-001 1.14e-001 2.55e-005  -7.0 1.54e+000    -  1.00e+000 1.00e+000H  1
 134 3.0102159e-001 5.08e-002 5.70e-005  -7.0 9.51e-001    -  1.00e+000 5.00e-001h  2
 135 3.0103647e-001 2.53e-002 2.92e-005  -7.0 1.41e-001    -  1.00e+000 5.00e-001h  2
 136 3.0105137e-001 3.42e-004 1.28e-006  -7.0 6.89e-002    -  1.00e+000 1.00e+000h  1
 137 3.0105126e-001 1.35e-007 1.61e-009  -7.0 1.83e-003    -  1.00e+000 1.00e+000h  1

Number of Iterations....: 137

                                   (scaled)                 (unscaled)
Objective...............:  5.0588941363753519e-002   3.0105126471157051e-001
Dual infeasibility......:  1.6136388317335611e-009   9.6026522395100371e-009
Constraint violation....:  5.0794724953950876e-009   1.3484309846489850e-007
Complementarity.........:  9.0909090909091643e-008   5.4099366490341885e-007
Overall NLP error.......:  9.0909090909091643e-008   5.4099366490341885e-007


Number of objective function evaluations             = 192
Number of objective gradient evaluations             = 138
Number of equality constraint evaluations            = 192
Number of inequality constraint evaluations          = 192
Number of equality constraint Jacobian evaluations   = 138
Number of inequality constraint Jacobian evaluations = 138
Number of Lagrangian Hessian evaluations             = 137
Total CPU secs in IPOPT (w/o function evaluations)   =     96.933
Total CPU secs in NLP function evaluations           =      8.423

EXIT: Optimal Solution Found.
      solver  :   t_proc      (avg)   t_wall      (avg)    n_eval
       nlp_f  |  98.00ms (510.42us)  98.06ms (510.75us)       192
       nlp_g  |   1.14 s (  5.93ms)   1.14 s (  5.93ms)       192
  nlp_grad_f  | 142.00ms (  1.02ms) 142.74ms (  1.03ms)       139
  nlp_hess_l  |   3.64 s ( 26.55ms)   3.64 s ( 26.54ms)       137
   nlp_jac_g  |   3.37 s ( 24.26ms)   3.37 s ( 24.28ms)       139
       total  | 105.36 s (105.36 s) 105.36 s (105.36 s)         1
Computation time solving OCP: 107.885 s
