This is Ipopt version 3.12.3, running with linear solver mumps.
NOTE: Other linear solvers might be more efficient (see Ipopt documentation).

Number of nonzeros in equality constraint Jacobian...:   239305
Number of nonzeros in inequality constraint Jacobian.:    73313
Number of nonzeros in Lagrangian Hessian.............:   229465

Total number of variables............................:    73313
                     variables with only lower bounds:        0
                variables with lower and upper bounds:        0
                     variables with only upper bounds:        0
Total number of equality constraints.................:    57705
Total number of inequality constraints...............:    73313
        inequality constraints with only lower bounds:    14080
   inequality constraints with lower and upper bounds:    59233
        inequality constraints with only upper bounds:        0

iter    objective    inf_pr   inf_du lg(mu)  ||d||  lg(rg) alpha_du alpha_pr  ls
   0 3.5770858e+001 1.14e+000 7.68e+001  -1.0 0.00e+000    -  0.00e+000 0.00e+000   0
   1 4.0932013e+001 9.81e-001 1.28e+002  -1.0 6.35e+000    -  6.21e-002 1.51e-001f  1
   2 4.9123110e+001 8.77e-001 1.08e+002  -1.0 7.24e+000    -  1.17e-001 1.10e-001f  1
   3 9.6994816e+001 2.76e+000 3.92e+002  -1.0 8.09e+000    -  2.19e-001 5.01e-001f  1
   4 1.1060020e+002 2.30e+000 2.20e+002  -1.0 2.31e+001    -  7.04e-002 4.89e-001f  1
   5 1.1069053e+002 2.26e+000 2.16e+002  -1.0 5.39e+000   0.0 9.55e-003 1.65e-002f  1
   6 1.1228377e+002 1.93e+000 1.83e+002  -1.0 5.61e+000  -0.5 8.75e-002 1.50e-001f  1
   7 1.1504047e+002 1.54e+000 1.43e+002  -1.0 1.35e+001    -  2.76e-001 2.15e-001f  1
   8 1.1960581e+002 1.17e+000 2.80e+002  -1.0 2.98e+000  -0.1 4.33e-001 2.46e-001f  1
   9 1.2774538e+002 1.37e+000 4.07e+002  -1.0 1.38e+001    -  3.20e-001 5.73e-001f  1
iter    objective    inf_pr   inf_du lg(mu)  ||d||  lg(rg) alpha_du alpha_pr  ls
  10 1.3187127e+002 1.61e+000 2.63e+002  -1.0 6.73e+000    -  5.07e-002 5.92e-001f  1
  11 1.3233312e+002 1.41e+000 2.23e+002  -1.0 7.81e+000    -  6.31e-001 1.32e-001f  1
  12 1.3477552e+002 1.03e+000 2.14e+002  -1.0 5.87e+000  -0.5 1.41e-001 3.11e-001f  1
  13 1.3482287e+002 1.02e+000 2.13e+002  -1.0 3.06e+001  -1.0 2.78e-002 1.05e-002f  1
  14 1.3545798e+002 9.29e-001 2.14e+002  -1.0 1.31e+001  -0.6 1.21e-001 8.89e-002f  1
  15 1.3651194e+002 7.42e-001 2.66e+002  -1.0 1.03e+001  -1.1 6.69e-002 2.47e-001f  1
  16 1.3754243e+002 6.43e-001 2.50e+002  -1.0 9.44e+000  -1.5 1.44e-001 2.87e-001f  1
  17 1.3861559e+002 5.60e-001 1.04e+002  -1.0 2.99e+000  -2.0 6.45e-001 3.84e-001f  1
  18 1.4167000e+002 8.30e-001 4.18e+001  -1.0 4.10e+000  -1.6 5.87e-001 9.32e-001f  1
  19 1.4205262e+002 2.46e-001 8.52e+001  -1.0 6.21e+000  -1.2 8.45e-001 7.07e-001f  1
iter    objective    inf_pr   inf_du lg(mu)  ||d||  lg(rg) alpha_du alpha_pr  ls
  20 1.4216601e+002 1.60e-001 1.29e+001  -1.0 1.25e+000  -1.6 5.64e-001 1.00e+000f  1
  21 1.4196167e+002 2.16e-001 8.59e+000  -1.0 2.84e+000  -2.1 5.25e-001 1.00e+000f  1
  22 1.4187318e+002 1.18e-001 2.42e+001  -1.0 1.86e+000  -1.7 8.71e-001 1.00e+000f  1
  23 1.4172243e+002 2.22e-001 1.41e+001  -1.0 3.24e+000  -2.2 9.53e-001 1.00e+000f  1
  24 1.4163264e+002 8.23e-003 1.97e+000  -1.0 1.74e+000  -1.7 1.00e+000 1.00e+000f  1
  25 1.4158874e+002 5.15e-001 1.24e+000  -1.0 1.16e+001  -2.2 3.71e-001 3.44e-001f  2
  26 1.4146557e+002 9.19e-002 1.11e+000  -1.0 9.63e-001  -1.8 1.00e+000 1.00e+000h  1
  27 1.4144740e+002 2.94e-003 8.80e-002  -1.0 3.66e-001  -1.4 1.00e+000 1.00e+000h  1
  28 4.6290690e+001 9.33e-001 7.42e+000  -2.5 6.50e-001  -1.8 8.11e-001 1.00e+000f  1
  29 1.4720839e+001 8.16e-001 3.64e+000  -2.5 4.74e-001  -2.3 8.32e-001 1.00e+000f  1
iter    objective    inf_pr   inf_du lg(mu)  ||d||  lg(rg) alpha_du alpha_pr  ls
  30 7.1689193e+000 3.75e-001 5.62e-001  -2.5 5.25e-001  -2.8 1.00e+000 1.00e+000f  1
  31 5.9709906e+000 1.23e-001 7.77e-002  -2.5 1.06e+000  -3.3 1.00e+000 1.00e+000h  1
  32 5.9150572e+000 2.25e-003 2.83e-003  -2.5 3.43e-001  -2.8 1.00e+000 1.00e+000h  1
  33 4.1409158e+000 2.19e-001 2.23e-001  -3.8 4.28e-001  -3.3 8.31e-001 1.00e+000f  1
  34 3.0828641e+000 4.67e-001 1.32e-001  -3.8 2.96e-001  -3.8 8.51e-001 1.00e+000h  1
  35 2.3246131e+000 6.85e-001 8.64e+000  -3.8 7.86e-001  -4.3 1.00e+000 5.98e-001h  1
  36 2.3216026e+000 6.72e-001 8.47e+000  -3.8 3.32e-001  -1.1 8.00e-001 1.95e-002h  1
  37 2.2085498e+000 1.62e-001 4.93e+000  -3.8 3.82e-001  -1.6 1.00e+000 7.70e-001h  1
  38 2.0810509e+000 1.40e-002 4.13e-001  -3.8 3.01e-001  -2.1 1.00e+000 1.00e+000h  1
  39 1.8836431e+000 3.07e-002 2.38e-001  -3.8 7.19e-002  -2.6 3.36e-001 1.00e+000h  1
iter    objective    inf_pr   inf_du lg(mu)  ||d||  lg(rg) alpha_du alpha_pr  ls
  40 1.8290583e+000 6.41e-001 1.05e+001  -3.8 9.00e-001  -3.1 1.14e-001 1.00e+000H  1
  41 1.7546734e+000 6.78e-001 8.05e+000  -3.8 6.26e+000  -1.7 2.98e-004 7.95e-002h  1
  42 1.7818976e+000 7.79e-001 7.37e+000  -3.8 1.81e+001  -2.2 8.09e-006 1.38e-002h  2
  43 1.6904819e+000 8.86e-003 1.60e+000  -3.8 4.71e-001  -0.9 1.00e+000 1.00e+000h  1
  44 1.6848307e+000 6.90e-003 1.12e+000  -3.8 4.15e-001  -1.3 8.13e-001 2.51e-001h  1
  45 1.6800355e+000 2.24e-002 4.49e-001  -3.8 1.32e-001  -1.8 1.00e+000 1.00e+000f  1
  46 1.6756461e+000 4.60e-002 1.06e-001  -3.8 4.49e-002  -2.3 7.23e-001 1.00e+000h  1
  47 1.6575763e+000 2.10e-001 1.17e-001  -3.8 1.97e-001  -2.8 1.17e-001 1.00e+000h  1
  48 1.6352373e+000 3.61e-001 8.75e-002  -3.8 2.87e-001  -3.3 5.72e-001 1.00e+000h  1
  49 1.6201366e+000 2.25e-001 1.70e-002  -3.8 2.22e-001  -3.7 1.00e+000 1.00e+000h  1
iter    objective    inf_pr   inf_du lg(mu)  ||d||  lg(rg) alpha_du alpha_pr  ls
  50 1.6143925e+000 6.82e-002 3.39e-003  -3.8 3.03e-001  -4.2 1.00e+000 1.00e+000h  1
  51 1.6138360e+000 3.50e-002 1.12e-003  -3.8 9.21e-002  -3.8 1.00e+000 1.00e+000h  1
  52 1.6126330e+000 1.34e-002 1.96e-003  -3.8 2.58e-001  -4.3 1.00e+000 1.00e+000h  1
  53 1.6123718e+000 2.11e-003 2.56e-004  -3.8 9.40e-002  -3.8 1.00e+000 1.00e+000h  1
  54 1.3576200e+000 4.73e-001 3.28e-002  -5.7 6.65e-001  -4.3 5.51e-001 2.50e-001f  1
  55 1.0068742e+000 7.48e-001 4.33e-002  -5.7 6.77e-001  -3.9 2.08e-001 4.16e-001h  1
  56 8.6542418e-001 8.83e-001 5.14e-001  -5.7 9.66e-001  -3.5 3.37e-001 3.12e-001h  1
  57 8.5785811e-001 8.63e-001 5.02e-001  -5.7 9.61e-001  -3.0 3.00e-001 2.37e-002h  1
  58 7.9091200e-001 5.69e-001 3.63e-001  -5.7 1.36e-001  -2.6 4.31e-001 3.51e-001h  1
  59 6.3074949e-001 3.79e-001 2.06e-001  -5.7 4.08e-001  -3.1 4.60e-001 5.46e-001h  1
iter    objective    inf_pr   inf_du lg(mu)  ||d||  lg(rg) alpha_du alpha_pr  ls
  60 6.0193081e-001 2.78e-001 1.55e-001  -5.7 1.05e-001  -2.7 6.82e-001 2.56e-001h  1
  61 5.1100362e-001 1.89e-001 9.35e-002  -5.7 5.93e-001  -3.1 3.39e-001 4.14e-001h  1
  62 4.8317159e-001 1.41e-001 6.33e-002  -5.7 2.37e-001  -2.7 2.89e-001 3.32e-001h  1
  63 4.5854912e-001 1.47e-001 5.36e-002  -5.7 7.78e-001  -3.2 3.81e-001 1.55e-001h  1
  64 4.3207614e-001 1.14e-001 5.32e-002  -5.7 2.39e-001  -2.8 3.20e-001 3.73e-001h  1
  65 4.2440836e-001 1.09e-001 5.00e-002  -5.7 6.10e+000  -3.2 4.68e-001 5.51e-002h  1
  66 3.9370957e-001 8.89e-002 1.90e-002  -5.7 3.60e-001  -2.8 2.97e-001 4.96e-001h  1
  67 3.7936826e-001 4.38e-002 1.21e-002  -5.7 9.68e-002  -2.4 9.61e-001 6.44e-001h  1
  68 3.6083997e-001 1.34e-001 1.69e-002  -5.7 2.04e-001  -2.9 5.12e-001 3.94e-001h  1
  69 3.4378387e-001 7.64e-002 2.71e-002  -5.7 6.99e-002  -2.4 1.00e+000 1.00e+000h  1
iter    objective    inf_pr   inf_du lg(mu)  ||d||  lg(rg) alpha_du alpha_pr  ls
  70 3.3560159e-001 7.12e-001 8.55e-002  -5.7 6.00e-001  -2.9 1.00e+000 2.73e-001h  1
  71 3.2772723e-001 3.56e-001 6.36e-002  -5.7 7.98e-002  -2.5 1.00e+000 5.17e-001h  1
  72 3.1994564e-001 6.97e-001 1.17e-001  -5.7 8.41e-001  -3.0 7.69e-001 2.79e-001h  1
  73 3.1844041e-001 6.85e-001 1.14e-001  -5.7 2.63e+001  -3.4 4.77e-002 1.75e-002h  1
  74 3.0689273e-001 4.21e-001 6.46e-002  -5.7 2.94e-001  -3.0 6.26e-001 4.07e-001h  1
  75 3.0328526e-001 2.80e-001 4.24e-002  -5.7 1.14e-001  -2.6 3.15e-001 3.38e-001h  1
  76 2.9125133e-001 1.36e-001 3.03e-002  -5.7 6.80e-001  -3.1 8.82e-001 5.50e-001f  1
  77 2.8423253e-001 1.80e-002 4.19e-002  -5.7 1.62e-001  -2.6 5.60e-001 1.00e+000h  1
  78 2.8186861e-001 3.20e-003 6.56e-003  -5.7 7.83e-002  -2.2 1.00e+000 1.00e+000h  1
  79 2.8025280e-001 8.81e-003 6.74e-003  -5.7 4.80e-001  -2.7 1.00e+000 2.45e-001h  1
iter    objective    inf_pr   inf_du lg(mu)  ||d||  lg(rg) alpha_du alpha_pr  ls
  80 2.7826696e-001 5.48e-003 1.46e-002  -5.7 1.05e-001  -2.3 1.00e+000 8.43e-001f  1
  81 2.7510134e-001 2.59e-002 1.29e-002  -5.7 4.15e-001  -2.7 1.00e+000 5.52e-001f  1
  82 2.7371227e-001 1.50e-002 1.14e-002  -5.7 1.51e-001  -2.3 9.82e-001 6.35e-001f  1
  83 2.7176409e-001 1.30e-002 1.09e-002  -5.7 3.21e-001  -2.8 7.97e-001 4.34e-001f  1
  84 2.6775844e-001 3.29e-002 1.75e-002  -5.7 7.49e-001  -3.3 6.95e-001 4.77e-001f  1
  85 2.6663815e-001 2.70e-002 1.97e-002  -5.7 4.73e-001  -2.8 1.00e+000 3.36e-001f  1
  86 2.6390805e-001 5.36e-002 1.39e-002  -5.7 5.19e-001  -3.3 3.74e-001 4.21e-001h  1
  87 2.6186223e-001 3.24e-002 1.54e-002  -5.7 2.39e-001  -2.9 1.00e+000 7.71e-001f  1
  88 2.6092284e-001 3.93e-003 1.83e-002  -5.7 1.18e-001  -2.5 1.00e+000 1.00e+000f  1
  89 2.6033351e-001 9.91e-003 1.38e-002  -5.7 9.19e-001  -2.9 1.00e+000 1.75e-001h  1
iter    objective    inf_pr   inf_du lg(mu)  ||d||  lg(rg) alpha_du alpha_pr  ls
  90 2.5955577e-001 4.11e-003 1.12e-002  -5.7 7.00e-002  -2.5 8.76e-001 9.43e-001f  1
  91 2.5809131e-001 4.45e-002 1.35e-002  -5.7 4.45e-001  -3.0 1.00e+000 5.56e-001f  1
  92 2.5727158e-001 3.10e-002 1.94e-002  -5.7 2.60e-001  -2.6 1.00e+000 6.31e-001h  1
  93 2.5694535e-001 2.23e-003 1.88e-002  -5.7 9.96e-002  -2.1 1.00e+000 1.00e+000f  1
  94 2.5663040e-001 3.92e-003 1.30e-002  -5.7 2.68e-001  -2.6 1.00e+000 2.34e-001h  1
  95 2.5616280e-001 3.27e-003 1.57e-002  -5.7 8.92e-002  -2.2 1.00e+000 1.00e+000f  1
  96 2.5563784e-001 7.62e-003 8.63e-003  -5.7 3.18e-001  -2.7 1.00e+000 3.26e-001h  1
  97 2.5466042e-001 4.62e-003 5.09e-003  -5.7 1.44e-001  -3.2 1.00e+000 5.53e-001f  1
  98 2.5292641e-001 4.61e-002 1.23e-002  -5.7 8.56e-001  -3.6 1.00e+000 4.67e-001f  1
  99 2.5276795e-001 4.98e-004 5.04e-003  -5.7 4.83e-002  -2.3 1.00e+000 1.00e+000f  1
iter    objective    inf_pr   inf_du lg(mu)  ||d||  lg(rg) alpha_du alpha_pr  ls
 100 2.5207884e-001 1.01e-002 1.86e-002  -5.7 2.43e-001  -2.8 1.00e+000 1.00e+000h  1
 101 2.5145977e-001 6.41e-003 6.86e-003  -5.7 9.42e-002  -3.3 1.00e+000 5.29e-001h  1
 102 2.4989310e-001 9.93e-002 6.47e-003  -5.7 3.42e-001  -3.7 6.84e-001 6.07e-001f  1
 103 2.4914728e-001 6.00e-002 1.51e-002  -5.7 1.94e-001  -3.3 1.00e+000 8.42e-001h  1
 104 2.4890958e-001 6.10e-003 1.45e-002  -5.7 1.23e-001  -2.9 1.00e+000 1.00e+000f  1
 105 2.4823032e-001 4.47e-002 3.20e-002  -5.7 1.29e+000  -3.4 1.00e+000 3.61e-001h  1
 106 2.4805987e-001 6.74e-003 2.26e-002  -5.7 1.11e-001  -2.9 9.68e-001 1.00e+000f  1
 107 2.4743429e-001 6.78e-002 1.44e-002  -5.7 5.92e-001  -3.4 1.00e+000 3.68e-001h  1
 108 2.4728607e-001 5.95e-002 1.41e-002  -5.7 4.15e-001  -3.0 1.00e+000 1.63e-001h  1
 109 2.4706008e-001 6.32e-003 1.45e-002  -5.7 8.69e-002  -2.6 9.80e-001 1.00e+000f  1
iter    objective    inf_pr   inf_du lg(mu)  ||d||  lg(rg) alpha_du alpha_pr  ls
 110 2.4623491e-001 4.81e-002 2.70e-002  -5.7 7.45e-001  -3.0 1.00e+000 4.61e-001h  1
 111 2.4614535e-001 3.70e-003 3.54e-002  -5.7 1.56e-001  -2.6 1.00e+000 1.00e+000f  1
 112 2.4583550e-001 9.43e-003 3.19e-002  -5.7 1.74e+000  -3.1 3.06e-001 9.16e-002h  1
 113 2.4567687e-001 8.29e-003 2.79e-002  -5.7 4.82e-001  -3.6 2.29e-001 1.28e-001f  1
 114 2.4500855e-001 6.28e-003 1.77e-002  -5.7 2.88e-001  -4.0 1.00e+000 4.27e-001f  1
 115 2.4290473e-001 1.56e-002 1.21e-002  -5.7 7.81e-001  -4.5 1.00e+000 1.00e+000f  1
 116 2.4259292e-001 1.03e-003 1.63e-004  -5.7 2.77e-001  -4.1 1.00e+000 1.00e+000h  1
 117 2.4201335e-001 5.79e-003 1.70e-004  -5.7 6.83e-001  -4.6 1.00e+000 1.00e+000h  1
 118 2.4187089e-001 5.41e-004 1.69e-005  -5.7 2.35e-001  -4.1 1.00e+000 1.00e+000h  1
 119 2.4160227e-001 5.51e-003 3.30e-004  -5.7 5.48e-001  -4.6 1.00e+000 1.00e+000h  1
iter    objective    inf_pr   inf_du lg(mu)  ||d||  lg(rg) alpha_du alpha_pr  ls
 120 2.4152123e-001 1.25e-003 4.86e-005  -5.7 1.83e-001  -4.2 1.00e+000 1.00e+000h  1
 121 2.4138276e-001 2.71e-002 9.49e-004  -5.7 4.05e-001  -4.7 1.00e+000 1.00e+000h  1
 122 2.4118213e-001 1.77e-001 1.11e-002  -5.7 1.34e+000  -5.1 1.00e+000 1.00e+000H  1
 123 2.4109887e-001 3.39e-002 1.67e-003  -5.7 4.68e-001  -5.6 1.00e+000 1.00e+000h  1
 124 2.4110046e-001 5.29e-003 8.29e-004  -5.7 2.53e-001  -6.1 1.00e+000 1.00e+000h  1
 125 2.4109713e-001 9.33e-004 1.08e-004  -5.7 9.48e-002    -  1.00e+000 1.00e+000h  1
 126 2.4109601e-001 3.11e-005 4.21e-006  -5.7 1.86e-002    -  1.00e+000 1.00e+000h  1
 127 2.3513743e-001 2.73e-002 3.14e-003  -7.0 1.36e+000    -  7.24e-001 4.13e-001f  1
 128 2.3234476e-001 1.80e-002 2.78e-003  -7.0 4.47e-001    -  1.00e+000 3.94e-001h  1
 129 2.3044343e-001 9.52e-003 1.82e-003  -7.0 6.07e-001    -  1.00e+000 5.68e-001h  1
iter    objective    inf_pr   inf_du lg(mu)  ||d||  lg(rg) alpha_du alpha_pr  ls
 130 2.2987775e-001 5.50e-003 1.53e-003  -7.0 3.85e-001    -  1.00e+000 5.21e-001h  1
 131 2.2963484e-001 8.76e-003 1.06e-003  -7.0 1.12e+000    -  9.06e-001 5.91e-001h  1
 132 2.2945967e-001 1.02e-003 1.69e-004  -7.0 2.42e-001    -  1.00e+000 1.00e+000f  1
 133 2.2945817e-001 2.33e-004 3.86e-005  -7.0 1.16e-001    -  1.00e+000 1.00e+000h  1
 134 2.2945767e-001 3.45e-005 5.37e-006  -7.0 4.51e-002    -  1.00e+000 1.00e+000h  1
 135 2.2945758e-001 7.30e-007 1.15e-007  -7.0 6.74e-003    -  1.00e+000 1.00e+000h  1

Number of Iterations....: 135

                                   (scaled)                 (unscaled)
Objective...............:  2.2945758286443554e-001   2.2945758286443554e-001
Dual infeasibility......:  1.1468178460920550e-007   1.1468178460920550e-007
Constraint violation....:  5.4835213950110706e-007   7.2991767297025945e-007
Complementarity.........:  9.0909091283689912e-008   9.0909091283689912e-008
Overall NLP error.......:  5.4835213950110706e-007   7.2991767297025945e-007


Number of objective function evaluations             = 143
Number of objective gradient evaluations             = 136
Number of equality constraint evaluations            = 143
Number of inequality constraint evaluations          = 143
Number of equality constraint Jacobian evaluations   = 136
Number of inequality constraint Jacobian evaluations = 136
Number of Lagrangian Hessian evaluations             = 135
Total CPU secs in IPOPT (w/o function evaluations)   =     86.780
Total CPU secs in NLP function evaluations           =      7.922

EXIT: Optimal Solution Found.
      solver  :   t_proc      (avg)   t_wall      (avg)    n_eval
       nlp_f  |  65.00ms (454.55us)  65.54ms (458.32us)       143
       nlp_g  | 893.00ms (  6.24ms) 891.62ms (  6.24ms)       143
  nlp_grad_f  | 132.00ms (963.50us) 132.07ms (963.99us)       137
  nlp_hess_l  |   3.43 s ( 25.38ms)   3.42 s ( 25.36ms)       135
   nlp_jac_g  |   3.36 s ( 24.53ms)   3.36 s ( 24.52ms)       137
       total  |  94.70 s ( 94.70 s)  94.70 s ( 94.70 s)         1
Computation time solving OCP: 97.0679 s
This is Ipopt version 3.12.3, running with linear solver mumps.
NOTE: Other linear solvers might be more efficient (see Ipopt documentation).

Number of nonzeros in equality constraint Jacobian...:   239305
Number of nonzeros in inequality constraint Jacobian.:    73313
Number of nonzeros in Lagrangian Hessian.............:   229465

Total number of variables............................:    73313
                     variables with only lower bounds:        0
                variables with lower and upper bounds:        0
                     variables with only upper bounds:        0
Total number of equality constraints.................:    57705
Total number of inequality constraints...............:    73313
        inequality constraints with only lower bounds:    14080
   inequality constraints with lower and upper bounds:    59233
        inequality constraints with only upper bounds:        0

iter    objective    inf_pr   inf_du lg(mu)  ||d||  lg(rg) alpha_du alpha_pr  ls
   0 3.5770858e+001 1.14e+000 7.68e+001  -1.0 0.00e+000    -  0.00e+000 0.00e+000   0
   1 4.0932013e+001 9.81e-001 1.28e+002  -1.0 6.35e+000    -  6.21e-002 1.51e-001f  1
   2 4.9123110e+001 8.77e-001 1.08e+002  -1.0 7.24e+000    -  1.17e-001 1.10e-001f  1
   3 9.6994816e+001 2.76e+000 3.92e+002  -1.0 8.09e+000    -  2.19e-001 5.01e-001f  1
   4 1.1060020e+002 2.30e+000 2.20e+002  -1.0 2.31e+001    -  7.04e-002 4.89e-001f  1
   5 1.1069053e+002 2.26e+000 2.16e+002  -1.0 5.39e+000   0.0 9.55e-003 1.65e-002f  1
   6 1.1228377e+002 1.93e+000 1.83e+002  -1.0 5.61e+000  -0.5 8.75e-002 1.50e-001f  1
   7 1.1504047e+002 1.54e+000 1.43e+002  -1.0 1.35e+001    -  2.76e-001 2.15e-001f  1
   8 1.1960581e+002 1.17e+000 2.80e+002  -1.0 2.98e+000  -0.1 4.33e-001 2.46e-001f  1
   9 1.2774538e+002 1.37e+000 4.07e+002  -1.0 1.38e+001    -  3.20e-001 5.73e-001f  1
iter    objective    inf_pr   inf_du lg(mu)  ||d||  lg(rg) alpha_du alpha_pr  ls
  10 1.3187127e+002 1.61e+000 2.63e+002  -1.0 6.73e+000    -  5.07e-002 5.92e-001f  1
  11 1.3233312e+002 1.41e+000 2.23e+002  -1.0 7.81e+000    -  6.31e-001 1.32e-001f  1
  12 1.3477552e+002 1.03e+000 2.14e+002  -1.0 5.87e+000  -0.5 1.41e-001 3.11e-001f  1
  13 1.3482287e+002 1.02e+000 2.13e+002  -1.0 3.06e+001  -1.0 2.78e-002 1.05e-002f  1
  14 1.3545798e+002 9.29e-001 2.14e+002  -1.0 1.31e+001  -0.6 1.21e-001 8.89e-002f  1
  15 1.3651194e+002 7.42e-001 2.66e+002  -1.0 1.03e+001  -1.1 6.69e-002 2.47e-001f  1
  16 1.3754243e+002 6.43e-001 2.50e+002  -1.0 9.44e+000  -1.5 1.44e-001 2.87e-001f  1
  17 1.3861559e+002 5.60e-001 1.04e+002  -1.0 2.99e+000  -2.0 6.45e-001 3.84e-001f  1
  18 1.4167000e+002 8.30e-001 4.18e+001  -1.0 4.10e+000  -1.6 5.87e-001 9.32e-001f  1
  19 1.4205262e+002 2.46e-001 8.52e+001  -1.0 6.21e+000  -1.2 8.45e-001 7.07e-001f  1
iter    objective    inf_pr   inf_du lg(mu)  ||d||  lg(rg) alpha_du alpha_pr  ls
  20 1.4216601e+002 1.60e-001 1.29e+001  -1.0 1.25e+000  -1.6 5.64e-001 1.00e+000f  1
  21 1.4196167e+002 2.16e-001 8.59e+000  -1.0 2.84e+000  -2.1 5.25e-001 1.00e+000f  1
  22 1.4187318e+002 1.18e-001 2.42e+001  -1.0 1.86e+000  -1.7 8.71e-001 1.00e+000f  1
  23 1.4172243e+002 2.22e-001 1.41e+001  -1.0 3.24e+000  -2.2 9.53e-001 1.00e+000f  1
  24 1.4163264e+002 8.23e-003 1.97e+000  -1.0 1.74e+000  -1.7 1.00e+000 1.00e+000f  1
  25 1.4158874e+002 5.15e-001 1.24e+000  -1.0 1.16e+001  -2.2 3.71e-001 3.44e-001f  2
  26 1.4146557e+002 9.19e-002 1.11e+000  -1.0 9.63e-001  -1.8 1.00e+000 1.00e+000h  1
  27 1.4144740e+002 2.94e-003 8.80e-002  -1.0 3.66e-001  -1.4 1.00e+000 1.00e+000h  1
  28 4.6290690e+001 9.33e-001 7.42e+000  -2.5 6.50e-001  -1.8 8.11e-001 1.00e+000f  1
  29 1.4720839e+001 8.16e-001 3.64e+000  -2.5 4.74e-001  -2.3 8.32e-001 1.00e+000f  1
iter    objective    inf_pr   inf_du lg(mu)  ||d||  lg(rg) alpha_du alpha_pr  ls
  30 7.1689193e+000 3.75e-001 5.62e-001  -2.5 5.25e-001  -2.8 1.00e+000 1.00e+000f  1
  31 5.9709906e+000 1.23e-001 7.77e-002  -2.5 1.06e+000  -3.3 1.00e+000 1.00e+000h  1
  32 5.9150572e+000 2.25e-003 2.83e-003  -2.5 3.43e-001  -2.8 1.00e+000 1.00e+000h  1
  33 4.1409158e+000 2.19e-001 2.23e-001  -3.8 4.28e-001  -3.3 8.31e-001 1.00e+000f  1
  34 3.0828641e+000 4.67e-001 1.32e-001  -3.8 2.96e-001  -3.8 8.51e-001 1.00e+000h  1
  35 2.3246131e+000 6.85e-001 8.64e+000  -3.8 7.86e-001  -4.3 1.00e+000 5.98e-001h  1
  36 2.3216026e+000 6.72e-001 8.47e+000  -3.8 3.32e-001  -1.1 8.00e-001 1.95e-002h  1
  37 2.2085498e+000 1.62e-001 4.93e+000  -3.8 3.82e-001  -1.6 1.00e+000 7.70e-001h  1
  38 2.0810509e+000 1.40e-002 4.13e-001  -3.8 3.01e-001  -2.1 1.00e+000 1.00e+000h  1
  39 1.8836431e+000 3.07e-002 2.38e-001  -3.8 7.19e-002  -2.6 3.36e-001 1.00e+000h  1
iter    objective    inf_pr   inf_du lg(mu)  ||d||  lg(rg) alpha_du alpha_pr  ls
  40 1.8290583e+000 6.41e-001 1.05e+001  -3.8 9.00e-001  -3.1 1.14e-001 1.00e+000H  1
  41 1.7546734e+000 6.78e-001 8.05e+000  -3.8 6.26e+000  -1.7 2.98e-004 7.95e-002h  1
  42 1.7818976e+000 7.79e-001 7.37e+000  -3.8 1.81e+001  -2.2 8.09e-006 1.38e-002h  2
  43 1.6904819e+000 8.86e-003 1.60e+000  -3.8 4.71e-001  -0.9 1.00e+000 1.00e+000h  1
  44 1.6848307e+000 6.90e-003 1.12e+000  -3.8 4.15e-001  -1.3 8.13e-001 2.51e-001h  1
  45 1.6800355e+000 2.24e-002 4.49e-001  -3.8 1.32e-001  -1.8 1.00e+000 1.00e+000f  1
  46 1.6756461e+000 4.60e-002 1.06e-001  -3.8 4.49e-002  -2.3 7.23e-001 1.00e+000h  1
  47 1.6575763e+000 2.10e-001 1.17e-001  -3.8 1.97e-001  -2.8 1.17e-001 1.00e+000h  1
  48 1.6352373e+000 3.61e-001 8.75e-002  -3.8 2.87e-001  -3.3 5.72e-001 1.00e+000h  1
  49 1.6201366e+000 2.25e-001 1.70e-002  -3.8 2.22e-001  -3.7 1.00e+000 1.00e+000h  1
iter    objective    inf_pr   inf_du lg(mu)  ||d||  lg(rg) alpha_du alpha_pr  ls
  50 1.6143925e+000 6.82e-002 3.39e-003  -3.8 3.03e-001  -4.2 1.00e+000 1.00e+000h  1
  51 1.6138360e+000 3.50e-002 1.12e-003  -3.8 9.21e-002  -3.8 1.00e+000 1.00e+000h  1
  52 1.6126330e+000 1.34e-002 1.96e-003  -3.8 2.58e-001  -4.3 1.00e+000 1.00e+000h  1
  53 1.6123718e+000 2.11e-003 2.56e-004  -3.8 9.40e-002  -3.8 1.00e+000 1.00e+000h  1
  54 1.3576200e+000 4.73e-001 3.28e-002  -5.7 6.65e-001  -4.3 5.51e-001 2.50e-001f  1
  55 1.0068742e+000 7.48e-001 4.33e-002  -5.7 6.77e-001  -3.9 2.08e-001 4.16e-001h  1
  56 8.6542418e-001 8.83e-001 5.14e-001  -5.7 9.66e-001  -3.5 3.37e-001 3.12e-001h  1
  57 8.5785811e-001 8.63e-001 5.02e-001  -5.7 9.61e-001  -3.0 3.00e-001 2.37e-002h  1
  58 7.9091200e-001 5.69e-001 3.63e-001  -5.7 1.36e-001  -2.6 4.31e-001 3.51e-001h  1
  59 6.3074949e-001 3.79e-001 2.06e-001  -5.7 4.08e-001  -3.1 4.60e-001 5.46e-001h  1
iter    objective    inf_pr   inf_du lg(mu)  ||d||  lg(rg) alpha_du alpha_pr  ls
  60 6.0193081e-001 2.78e-001 1.55e-001  -5.7 1.05e-001  -2.7 6.82e-001 2.56e-001h  1
  61 5.1100362e-001 1.89e-001 9.35e-002  -5.7 5.93e-001  -3.1 3.39e-001 4.14e-001h  1
  62 4.8317159e-001 1.41e-001 6.33e-002  -5.7 2.37e-001  -2.7 2.89e-001 3.32e-001h  1
  63 4.5854912e-001 1.47e-001 5.36e-002  -5.7 7.78e-001  -3.2 3.81e-001 1.55e-001h  1
  64 4.3207614e-001 1.14e-001 5.32e-002  -5.7 2.39e-001  -2.8 3.20e-001 3.73e-001h  1
  65 4.2440836e-001 1.09e-001 5.00e-002  -5.7 6.10e+000  -3.2 4.68e-001 5.51e-002h  1
  66 3.9370957e-001 8.89e-002 1.90e-002  -5.7 3.60e-001  -2.8 2.97e-001 4.96e-001h  1
  67 3.7936826e-001 4.38e-002 1.21e-002  -5.7 9.68e-002  -2.4 9.61e-001 6.44e-001h  1
  68 3.6083997e-001 1.34e-001 1.69e-002  -5.7 2.04e-001  -2.9 5.12e-001 3.94e-001h  1
  69 3.4378387e-001 7.64e-002 2.71e-002  -5.7 6.99e-002  -2.4 1.00e+000 1.00e+000h  1
iter    objective    inf_pr   inf_du lg(mu)  ||d||  lg(rg) alpha_du alpha_pr  ls
  70 3.3560159e-001 7.12e-001 8.55e-002  -5.7 6.00e-001  -2.9 1.00e+000 2.73e-001h  1
  71 3.2772723e-001 3.56e-001 6.36e-002  -5.7 7.98e-002  -2.5 1.00e+000 5.17e-001h  1
  72 3.1994564e-001 6.97e-001 1.17e-001  -5.7 8.41e-001  -3.0 7.69e-001 2.79e-001h  1
  73 3.1844041e-001 6.85e-001 1.14e-001  -5.7 2.63e+001  -3.4 4.77e-002 1.75e-002h  1
  74 3.0689273e-001 4.21e-001 6.46e-002  -5.7 2.94e-001  -3.0 6.26e-001 4.07e-001h  1
  75 3.0328526e-001 2.80e-001 4.24e-002  -5.7 1.14e-001  -2.6 3.15e-001 3.38e-001h  1
  76 2.9125133e-001 1.36e-001 3.03e-002  -5.7 6.80e-001  -3.1 8.82e-001 5.50e-001f  1
  77 2.8423253e-001 1.80e-002 4.19e-002  -5.7 1.62e-001  -2.6 5.60e-001 1.00e+000h  1
  78 2.8186861e-001 3.20e-003 6.56e-003  -5.7 7.83e-002  -2.2 1.00e+000 1.00e+000h  1
  79 2.8025280e-001 8.81e-003 6.74e-003  -5.7 4.80e-001  -2.7 1.00e+000 2.45e-001h  1
iter    objective    inf_pr   inf_du lg(mu)  ||d||  lg(rg) alpha_du alpha_pr  ls
  80 2.7826696e-001 5.48e-003 1.46e-002  -5.7 1.05e-001  -2.3 1.00e+000 8.43e-001f  1
  81 2.7510134e-001 2.59e-002 1.29e-002  -5.7 4.15e-001  -2.7 1.00e+000 5.52e-001f  1
  82 2.7371227e-001 1.50e-002 1.14e-002  -5.7 1.51e-001  -2.3 9.82e-001 6.35e-001f  1
  83 2.7176409e-001 1.30e-002 1.09e-002  -5.7 3.21e-001  -2.8 7.97e-001 4.34e-001f  1
  84 2.6775844e-001 3.29e-002 1.75e-002  -5.7 7.49e-001  -3.3 6.95e-001 4.77e-001f  1
  85 2.6663815e-001 2.70e-002 1.97e-002  -5.7 4.73e-001  -2.8 1.00e+000 3.36e-001f  1
  86 2.6390805e-001 5.36e-002 1.39e-002  -5.7 5.19e-001  -3.3 3.74e-001 4.21e-001h  1
  87 2.6186223e-001 3.24e-002 1.54e-002  -5.7 2.39e-001  -2.9 1.00e+000 7.71e-001f  1
  88 2.6092284e-001 3.93e-003 1.83e-002  -5.7 1.18e-001  -2.5 1.00e+000 1.00e+000f  1
  89 2.6033351e-001 9.91e-003 1.38e-002  -5.7 9.19e-001  -2.9 1.00e+000 1.75e-001h  1
iter    objective    inf_pr   inf_du lg(mu)  ||d||  lg(rg) alpha_du alpha_pr  ls
  90 2.5955577e-001 4.11e-003 1.12e-002  -5.7 7.00e-002  -2.5 8.76e-001 9.43e-001f  1
  91 2.5809131e-001 4.45e-002 1.35e-002  -5.7 4.45e-001  -3.0 1.00e+000 5.56e-001f  1
  92 2.5727158e-001 3.10e-002 1.94e-002  -5.7 2.60e-001  -2.6 1.00e+000 6.31e-001h  1
  93 2.5694535e-001 2.23e-003 1.88e-002  -5.7 9.96e-002  -2.1 1.00e+000 1.00e+000f  1
  94 2.5663040e-001 3.92e-003 1.30e-002  -5.7 2.68e-001  -2.6 1.00e+000 2.34e-001h  1
  95 2.5616280e-001 3.27e-003 1.57e-002  -5.7 8.92e-002  -2.2 1.00e+000 1.00e+000f  1
  96 2.5563784e-001 7.62e-003 8.63e-003  -5.7 3.18e-001  -2.7 1.00e+000 3.26e-001h  1
  97 2.5466042e-001 4.62e-003 5.09e-003  -5.7 1.44e-001  -3.2 1.00e+000 5.53e-001f  1
  98 2.5292641e-001 4.61e-002 1.23e-002  -5.7 8.56e-001  -3.6 1.00e+000 4.67e-001f  1
  99 2.5276795e-001 4.98e-004 5.04e-003  -5.7 4.83e-002  -2.3 1.00e+000 1.00e+000f  1
iter    objective    inf_pr   inf_du lg(mu)  ||d||  lg(rg) alpha_du alpha_pr  ls
 100 2.5207884e-001 1.01e-002 1.86e-002  -5.7 2.43e-001  -2.8 1.00e+000 1.00e+000h  1
 101 2.5145977e-001 6.41e-003 6.86e-003  -5.7 9.42e-002  -3.3 1.00e+000 5.29e-001h  1
 102 2.4989310e-001 9.93e-002 6.47e-003  -5.7 3.42e-001  -3.7 6.84e-001 6.07e-001f  1
 103 2.4914728e-001 6.00e-002 1.51e-002  -5.7 1.94e-001  -3.3 1.00e+000 8.42e-001h  1
 104 2.4890958e-001 6.10e-003 1.45e-002  -5.7 1.23e-001  -2.9 1.00e+000 1.00e+000f  1
 105 2.4823032e-001 4.47e-002 3.20e-002  -5.7 1.29e+000  -3.4 1.00e+000 3.61e-001h  1
 106 2.4805987e-001 6.74e-003 2.26e-002  -5.7 1.11e-001  -2.9 9.68e-001 1.00e+000f  1
 107 2.4743429e-001 6.78e-002 1.44e-002  -5.7 5.92e-001  -3.4 1.00e+000 3.68e-001h  1
 108 2.4728607e-001 5.95e-002 1.41e-002  -5.7 4.15e-001  -3.0 1.00e+000 1.63e-001h  1
 109 2.4706008e-001 6.32e-003 1.45e-002  -5.7 8.69e-002  -2.6 9.80e-001 1.00e+000f  1
iter    objective    inf_pr   inf_du lg(mu)  ||d||  lg(rg) alpha_du alpha_pr  ls
 110 2.4623491e-001 4.81e-002 2.70e-002  -5.7 7.45e-001  -3.0 1.00e+000 4.61e-001h  1
 111 2.4614535e-001 3.70e-003 3.54e-002  -5.7 1.56e-001  -2.6 1.00e+000 1.00e+000f  1
 112 2.4583550e-001 9.43e-003 3.19e-002  -5.7 1.74e+000  -3.1 3.06e-001 9.16e-002h  1
 113 2.4567687e-001 8.29e-003 2.79e-002  -5.7 4.82e-001  -3.6 2.29e-001 1.28e-001f  1
 114 2.4500855e-001 6.28e-003 1.77e-002  -5.7 2.88e-001  -4.0 1.00e+000 4.27e-001f  1
 115 2.4290473e-001 1.56e-002 1.21e-002  -5.7 7.81e-001  -4.5 1.00e+000 1.00e+000f  1
 116 2.4259292e-001 1.03e-003 1.63e-004  -5.7 2.77e-001  -4.1 1.00e+000 1.00e+000h  1
 117 2.4201335e-001 5.79e-003 1.70e-004  -5.7 6.83e-001  -4.6 1.00e+000 1.00e+000h  1
 118 2.4187089e-001 5.41e-004 1.69e-005  -5.7 2.35e-001  -4.1 1.00e+000 1.00e+000h  1
 119 2.4160227e-001 5.51e-003 3.30e-004  -5.7 5.48e-001  -4.6 1.00e+000 1.00e+000h  1
iter    objective    inf_pr   inf_du lg(mu)  ||d||  lg(rg) alpha_du alpha_pr  ls
 120 2.4152123e-001 1.25e-003 4.86e-005  -5.7 1.83e-001  -4.2 1.00e+000 1.00e+000h  1
 121 2.4138276e-001 2.71e-002 9.49e-004  -5.7 4.05e-001  -4.7 1.00e+000 1.00e+000h  1
 122 2.4118213e-001 1.77e-001 1.11e-002  -5.7 1.34e+000  -5.1 1.00e+000 1.00e+000H  1
 123 2.4109887e-001 3.39e-002 1.67e-003  -5.7 4.68e-001  -5.6 1.00e+000 1.00e+000h  1
 124 2.4110046e-001 5.29e-003 8.29e-004  -5.7 2.53e-001  -6.1 1.00e+000 1.00e+000h  1
 125 2.4109713e-001 9.33e-004 1.08e-004  -5.7 9.48e-002    -  1.00e+000 1.00e+000h  1
 126 2.4109601e-001 3.11e-005 4.21e-006  -5.7 1.86e-002    -  1.00e+000 1.00e+000h  1
 127 2.3513743e-001 2.73e-002 3.14e-003  -7.0 1.36e+000    -  7.24e-001 4.13e-001f  1
 128 2.3234476e-001 1.80e-002 2.78e-003  -7.0 4.47e-001    -  1.00e+000 3.94e-001h  1
 129 2.3044343e-001 9.52e-003 1.82e-003  -7.0 6.07e-001    -  1.00e+000 5.68e-001h  1
iter    objective    inf_pr   inf_du lg(mu)  ||d||  lg(rg) alpha_du alpha_pr  ls
 130 2.2987775e-001 5.50e-003 1.53e-003  -7.0 3.85e-001    -  1.00e+000 5.21e-001h  1
 131 2.2963484e-001 8.76e-003 1.06e-003  -7.0 1.12e+000    -  9.06e-001 5.91e-001h  1
 132 2.2945967e-001 1.02e-003 1.69e-004  -7.0 2.42e-001    -  1.00e+000 1.00e+000f  1
 133 2.2945817e-001 2.33e-004 3.86e-005  -7.0 1.16e-001    -  1.00e+000 1.00e+000h  1
 134 2.2945767e-001 3.45e-005 5.37e-006  -7.0 4.51e-002    -  1.00e+000 1.00e+000h  1
 135 2.2945758e-001 7.30e-007 1.15e-007  -7.0 6.74e-003    -  1.00e+000 1.00e+000h  1

Number of Iterations....: 135

                                   (scaled)                 (unscaled)
Objective...............:  2.2945758286443554e-001   2.2945758286443554e-001
Dual infeasibility......:  1.1468178460920550e-007   1.1468178460920550e-007
Constraint violation....:  5.4835213950110706e-007   7.2991767297025945e-007
Complementarity.........:  9.0909091283689912e-008   9.0909091283689912e-008
Overall NLP error.......:  5.4835213950110706e-007   7.2991767297025945e-007


Number of objective function evaluations             = 143
Number of objective gradient evaluations             = 136
Number of equality constraint evaluations            = 143
Number of inequality constraint evaluations          = 143
Number of equality constraint Jacobian evaluations   = 136
Number of inequality constraint Jacobian evaluations = 136
Number of Lagrangian Hessian evaluations             = 135
Total CPU secs in IPOPT (w/o function evaluations)   =     86.872
Total CPU secs in NLP function evaluations           =      7.928

EXIT: Optimal Solution Found.
      solver  :   t_proc      (avg)   t_wall      (avg)    n_eval
       nlp_f  |  69.00ms (482.52us)  69.01ms (482.59us)       143
       nlp_g  | 890.00ms (  6.22ms) 890.03ms (  6.22ms)       143
  nlp_grad_f  | 136.00ms (992.70us) 136.23ms (994.34us)       137
  nlp_hess_l  |   3.42 s ( 25.35ms)   3.42 s ( 25.36ms)       135
   nlp_jac_g  |   3.38 s ( 24.69ms)   3.38 s ( 24.68ms)       137
       total  |  94.80 s ( 94.80 s)  94.80 s ( 94.80 s)         1
Computation time solving OCP: 97.2484 s
This is Ipopt version 3.12.3, running with linear solver mumps.
NOTE: Other linear solvers might be more efficient (see Ipopt documentation).

Number of nonzeros in equality constraint Jacobian...:   239305
Number of nonzeros in inequality constraint Jacobian.:    73313
Number of nonzeros in Lagrangian Hessian.............:   229465

Total number of variables............................:    73313
                     variables with only lower bounds:        0
                variables with lower and upper bounds:        0
                     variables with only upper bounds:        0
Total number of equality constraints.................:    57705
Total number of inequality constraints...............:    73313
        inequality constraints with only lower bounds:    14080
   inequality constraints with lower and upper bounds:    59233
        inequality constraints with only upper bounds:        0

iter    objective    inf_pr   inf_du lg(mu)  ||d||  lg(rg) alpha_du alpha_pr  ls
   0 3.5770858e+001 1.14e+000 7.68e+001  -1.0 0.00e+000    -  0.00e+000 0.00e+000   0
   1 4.0932013e+001 9.81e-001 1.28e+002  -1.0 6.35e+000    -  6.21e-002 1.51e-001f  1
   2 4.9123110e+001 8.77e-001 1.08e+002  -1.0 7.24e+000    -  1.17e-001 1.10e-001f  1
   3 9.6994816e+001 2.76e+000 3.92e+002  -1.0 8.09e+000    -  2.19e-001 5.01e-001f  1
   4 1.1060020e+002 2.30e+000 2.20e+002  -1.0 2.31e+001    -  7.04e-002 4.89e-001f  1
   5 1.1069053e+002 2.26e+000 2.16e+002  -1.0 5.39e+000   0.0 9.55e-003 1.65e-002f  1
   6 1.1228377e+002 1.93e+000 1.83e+002  -1.0 5.61e+000  -0.5 8.75e-002 1.50e-001f  1
   7 1.1504047e+002 1.54e+000 1.43e+002  -1.0 1.35e+001    -  2.76e-001 2.15e-001f  1
   8 1.1960581e+002 1.17e+000 2.80e+002  -1.0 2.98e+000  -0.1 4.33e-001 2.46e-001f  1
   9 1.2774538e+002 1.37e+000 4.07e+002  -1.0 1.38e+001    -  3.20e-001 5.73e-001f  1
iter    objective    inf_pr   inf_du lg(mu)  ||d||  lg(rg) alpha_du alpha_pr  ls
  10 1.3187127e+002 1.61e+000 2.63e+002  -1.0 6.73e+000    -  5.07e-002 5.92e-001f  1
  11 1.3233312e+002 1.41e+000 2.23e+002  -1.0 7.81e+000    -  6.31e-001 1.32e-001f  1
  12 1.3477552e+002 1.03e+000 2.14e+002  -1.0 5.87e+000  -0.5 1.41e-001 3.11e-001f  1
  13 1.3482287e+002 1.02e+000 2.13e+002  -1.0 3.06e+001  -1.0 2.78e-002 1.05e-002f  1
  14 1.3545798e+002 9.29e-001 2.14e+002  -1.0 1.31e+001  -0.6 1.21e-001 8.89e-002f  1
  15 1.3651194e+002 7.42e-001 2.66e+002  -1.0 1.03e+001  -1.1 6.69e-002 2.47e-001f  1
  16 1.3754243e+002 6.43e-001 2.50e+002  -1.0 9.44e+000  -1.5 1.44e-001 2.87e-001f  1
  17 1.3861559e+002 5.60e-001 1.04e+002  -1.0 2.99e+000  -2.0 6.45e-001 3.84e-001f  1
  18 1.4167000e+002 8.30e-001 4.18e+001  -1.0 4.10e+000  -1.6 5.87e-001 9.32e-001f  1
  19 1.4205262e+002 2.46e-001 8.52e+001  -1.0 6.21e+000  -1.2 8.45e-001 7.07e-001f  1
iter    objective    inf_pr   inf_du lg(mu)  ||d||  lg(rg) alpha_du alpha_pr  ls
  20 1.4216601e+002 1.60e-001 1.29e+001  -1.0 1.25e+000  -1.6 5.64e-001 1.00e+000f  1
  21 1.4196167e+002 2.16e-001 8.59e+000  -1.0 2.84e+000  -2.1 5.25e-001 1.00e+000f  1
  22 1.4187318e+002 1.18e-001 2.42e+001  -1.0 1.86e+000  -1.7 8.71e-001 1.00e+000f  1
  23 1.4172243e+002 2.22e-001 1.41e+001  -1.0 3.24e+000  -2.2 9.53e-001 1.00e+000f  1
  24 1.4163264e+002 8.23e-003 1.97e+000  -1.0 1.74e+000  -1.7 1.00e+000 1.00e+000f  1
  25 1.4158874e+002 5.15e-001 1.24e+000  -1.0 1.16e+001  -2.2 3.71e-001 3.44e-001f  2
  26 1.4146557e+002 9.19e-002 1.11e+000  -1.0 9.63e-001  -1.8 1.00e+000 1.00e+000h  1
  27 1.4144740e+002 2.94e-003 8.80e-002  -1.0 3.66e-001  -1.4 1.00e+000 1.00e+000h  1
  28 4.6290690e+001 9.33e-001 7.42e+000  -2.5 6.50e-001  -1.8 8.11e-001 1.00e+000f  1
  29 1.4720839e+001 8.16e-001 3.64e+000  -2.5 4.74e-001  -2.3 8.32e-001 1.00e+000f  1
iter    objective    inf_pr   inf_du lg(mu)  ||d||  lg(rg) alpha_du alpha_pr  ls
  30 7.1689193e+000 3.75e-001 5.62e-001  -2.5 5.25e-001  -2.8 1.00e+000 1.00e+000f  1
  31 5.9709906e+000 1.23e-001 7.77e-002  -2.5 1.06e+000  -3.3 1.00e+000 1.00e+000h  1
  32 5.9150572e+000 2.25e-003 2.83e-003  -2.5 3.43e-001  -2.8 1.00e+000 1.00e+000h  1
  33 4.1409158e+000 2.19e-001 2.23e-001  -3.8 4.28e-001  -3.3 8.31e-001 1.00e+000f  1
  34 3.0828641e+000 4.67e-001 1.32e-001  -3.8 2.96e-001  -3.8 8.51e-001 1.00e+000h  1
  35 2.3246131e+000 6.85e-001 8.64e+000  -3.8 7.86e-001  -4.3 1.00e+000 5.98e-001h  1
  36 2.3216026e+000 6.72e-001 8.47e+000  -3.8 3.32e-001  -1.1 8.00e-001 1.95e-002h  1
  37 2.2085498e+000 1.62e-001 4.93e+000  -3.8 3.82e-001  -1.6 1.00e+000 7.70e-001h  1
  38 2.0810509e+000 1.40e-002 4.13e-001  -3.8 3.01e-001  -2.1 1.00e+000 1.00e+000h  1
  39 1.8836431e+000 3.07e-002 2.38e-001  -3.8 7.19e-002  -2.6 3.36e-001 1.00e+000h  1
iter    objective    inf_pr   inf_du lg(mu)  ||d||  lg(rg) alpha_du alpha_pr  ls
  40 1.8290583e+000 6.41e-001 1.05e+001  -3.8 9.00e-001  -3.1 1.14e-001 1.00e+000H  1
  41 1.7546734e+000 6.78e-001 8.05e+000  -3.8 6.26e+000  -1.7 2.98e-004 7.95e-002h  1
  42 1.7818976e+000 7.79e-001 7.37e+000  -3.8 1.81e+001  -2.2 8.09e-006 1.38e-002h  2
  43 1.6904819e+000 8.86e-003 1.60e+000  -3.8 4.71e-001  -0.9 1.00e+000 1.00e+000h  1
  44 1.6848307e+000 6.90e-003 1.12e+000  -3.8 4.15e-001  -1.3 8.13e-001 2.51e-001h  1
  45 1.6800355e+000 2.24e-002 4.49e-001  -3.8 1.32e-001  -1.8 1.00e+000 1.00e+000f  1
  46 1.6756461e+000 4.60e-002 1.06e-001  -3.8 4.49e-002  -2.3 7.23e-001 1.00e+000h  1
  47 1.6575763e+000 2.10e-001 1.17e-001  -3.8 1.97e-001  -2.8 1.17e-001 1.00e+000h  1
  48 1.6352373e+000 3.61e-001 8.75e-002  -3.8 2.87e-001  -3.3 5.72e-001 1.00e+000h  1
  49 1.6201366e+000 2.25e-001 1.70e-002  -3.8 2.22e-001  -3.7 1.00e+000 1.00e+000h  1
iter    objective    inf_pr   inf_du lg(mu)  ||d||  lg(rg) alpha_du alpha_pr  ls
  50 1.6143925e+000 6.82e-002 3.39e-003  -3.8 3.03e-001  -4.2 1.00e+000 1.00e+000h  1
  51 1.6138360e+000 3.50e-002 1.12e-003  -3.8 9.21e-002  -3.8 1.00e+000 1.00e+000h  1
  52 1.6126330e+000 1.34e-002 1.96e-003  -3.8 2.58e-001  -4.3 1.00e+000 1.00e+000h  1
  53 1.6123718e+000 2.11e-003 2.56e-004  -3.8 9.40e-002  -3.8 1.00e+000 1.00e+000h  1
  54 1.3576200e+000 4.73e-001 3.28e-002  -5.7 6.65e-001  -4.3 5.51e-001 2.50e-001f  1
  55 1.0068742e+000 7.48e-001 4.33e-002  -5.7 6.77e-001  -3.9 2.08e-001 4.16e-001h  1
  56 8.6542418e-001 8.83e-001 5.14e-001  -5.7 9.66e-001  -3.5 3.37e-001 3.12e-001h  1
  57 8.5785811e-001 8.63e-001 5.02e-001  -5.7 9.61e-001  -3.0 3.00e-001 2.37e-002h  1
  58 7.9091200e-001 5.69e-001 3.63e-001  -5.7 1.36e-001  -2.6 4.31e-001 3.51e-001h  1
  59 6.3074949e-001 3.79e-001 2.06e-001  -5.7 4.08e-001  -3.1 4.60e-001 5.46e-001h  1
iter    objective    inf_pr   inf_du lg(mu)  ||d||  lg(rg) alpha_du alpha_pr  ls
  60 6.0193081e-001 2.78e-001 1.55e-001  -5.7 1.05e-001  -2.7 6.82e-001 2.56e-001h  1
  61 5.1100362e-001 1.89e-001 9.35e-002  -5.7 5.93e-001  -3.1 3.39e-001 4.14e-001h  1
  62 4.8317159e-001 1.41e-001 6.33e-002  -5.7 2.37e-001  -2.7 2.89e-001 3.32e-001h  1
  63 4.5854912e-001 1.47e-001 5.36e-002  -5.7 7.78e-001  -3.2 3.81e-001 1.55e-001h  1
  64 4.3207614e-001 1.14e-001 5.32e-002  -5.7 2.39e-001  -2.8 3.20e-001 3.73e-001h  1
  65 4.2440836e-001 1.09e-001 5.00e-002  -5.7 6.10e+000  -3.2 4.68e-001 5.51e-002h  1
  66 3.9370957e-001 8.89e-002 1.90e-002  -5.7 3.60e-001  -2.8 2.97e-001 4.96e-001h  1
  67 3.7936826e-001 4.38e-002 1.21e-002  -5.7 9.68e-002  -2.4 9.61e-001 6.44e-001h  1
  68 3.6083997e-001 1.34e-001 1.69e-002  -5.7 2.04e-001  -2.9 5.12e-001 3.94e-001h  1
  69 3.4378387e-001 7.64e-002 2.71e-002  -5.7 6.99e-002  -2.4 1.00e+000 1.00e+000h  1
iter    objective    inf_pr   inf_du lg(mu)  ||d||  lg(rg) alpha_du alpha_pr  ls
  70 3.3560159e-001 7.12e-001 8.55e-002  -5.7 6.00e-001  -2.9 1.00e+000 2.73e-001h  1
  71 3.2772723e-001 3.56e-001 6.36e-002  -5.7 7.98e-002  -2.5 1.00e+000 5.17e-001h  1
  72 3.1994564e-001 6.97e-001 1.17e-001  -5.7 8.41e-001  -3.0 7.69e-001 2.79e-001h  1
  73 3.1844041e-001 6.85e-001 1.14e-001  -5.7 2.63e+001  -3.4 4.77e-002 1.75e-002h  1
  74 3.0689273e-001 4.21e-001 6.46e-002  -5.7 2.94e-001  -3.0 6.26e-001 4.07e-001h  1
  75 3.0328526e-001 2.80e-001 4.24e-002  -5.7 1.14e-001  -2.6 3.15e-001 3.38e-001h  1
  76 2.9125133e-001 1.36e-001 3.03e-002  -5.7 6.80e-001  -3.1 8.82e-001 5.50e-001f  1
  77 2.8423253e-001 1.80e-002 4.19e-002  -5.7 1.62e-001  -2.6 5.60e-001 1.00e+000h  1
  78 2.8186861e-001 3.20e-003 6.56e-003  -5.7 7.83e-002  -2.2 1.00e+000 1.00e+000h  1
  79 2.8025280e-001 8.81e-003 6.74e-003  -5.7 4.80e-001  -2.7 1.00e+000 2.45e-001h  1
iter    objective    inf_pr   inf_du lg(mu)  ||d||  lg(rg) alpha_du alpha_pr  ls
  80 2.7826696e-001 5.48e-003 1.46e-002  -5.7 1.05e-001  -2.3 1.00e+000 8.43e-001f  1
  81 2.7510134e-001 2.59e-002 1.29e-002  -5.7 4.15e-001  -2.7 1.00e+000 5.52e-001f  1
  82 2.7371227e-001 1.50e-002 1.14e-002  -5.7 1.51e-001  -2.3 9.82e-001 6.35e-001f  1
  83 2.7176409e-001 1.30e-002 1.09e-002  -5.7 3.21e-001  -2.8 7.97e-001 4.34e-001f  1
  84 2.6775844e-001 3.29e-002 1.75e-002  -5.7 7.49e-001  -3.3 6.95e-001 4.77e-001f  1
  85 2.6663815e-001 2.70e-002 1.97e-002  -5.7 4.73e-001  -2.8 1.00e+000 3.36e-001f  1
  86 2.6390805e-001 5.36e-002 1.39e-002  -5.7 5.19e-001  -3.3 3.74e-001 4.21e-001h  1
  87 2.6186223e-001 3.24e-002 1.54e-002  -5.7 2.39e-001  -2.9 1.00e+000 7.71e-001f  1
  88 2.6092284e-001 3.93e-003 1.83e-002  -5.7 1.18e-001  -2.5 1.00e+000 1.00e+000f  1
  89 2.6033351e-001 9.91e-003 1.38e-002  -5.7 9.19e-001  -2.9 1.00e+000 1.75e-001h  1
iter    objective    inf_pr   inf_du lg(mu)  ||d||  lg(rg) alpha_du alpha_pr  ls
  90 2.5955577e-001 4.11e-003 1.12e-002  -5.7 7.00e-002  -2.5 8.76e-001 9.43e-001f  1
  91 2.5809131e-001 4.45e-002 1.35e-002  -5.7 4.45e-001  -3.0 1.00e+000 5.56e-001f  1
  92 2.5727158e-001 3.10e-002 1.94e-002  -5.7 2.60e-001  -2.6 1.00e+000 6.31e-001h  1
  93 2.5694535e-001 2.23e-003 1.88e-002  -5.7 9.96e-002  -2.1 1.00e+000 1.00e+000f  1
  94 2.5663040e-001 3.92e-003 1.30e-002  -5.7 2.68e-001  -2.6 1.00e+000 2.34e-001h  1
  95 2.5616280e-001 3.27e-003 1.57e-002  -5.7 8.92e-002  -2.2 1.00e+000 1.00e+000f  1
  96 2.5563784e-001 7.62e-003 8.63e-003  -5.7 3.18e-001  -2.7 1.00e+000 3.26e-001h  1
  97 2.5466042e-001 4.62e-003 5.09e-003  -5.7 1.44e-001  -3.2 1.00e+000 5.53e-001f  1
  98 2.5292641e-001 4.61e-002 1.23e-002  -5.7 8.56e-001  -3.6 1.00e+000 4.67e-001f  1
  99 2.5276795e-001 4.98e-004 5.04e-003  -5.7 4.83e-002  -2.3 1.00e+000 1.00e+000f  1
iter    objective    inf_pr   inf_du lg(mu)  ||d||  lg(rg) alpha_du alpha_pr  ls
 100 2.5207884e-001 1.01e-002 1.86e-002  -5.7 2.43e-001  -2.8 1.00e+000 1.00e+000h  1
 101 2.5145977e-001 6.41e-003 6.86e-003  -5.7 9.42e-002  -3.3 1.00e+000 5.29e-001h  1
 102 2.4989310e-001 9.93e-002 6.47e-003  -5.7 3.42e-001  -3.7 6.84e-001 6.07e-001f  1
 103 2.4914728e-001 6.00e-002 1.51e-002  -5.7 1.94e-001  -3.3 1.00e+000 8.42e-001h  1
 104 2.4890958e-001 6.10e-003 1.45e-002  -5.7 1.23e-001  -2.9 1.00e+000 1.00e+000f  1
 105 2.4823032e-001 4.47e-002 3.20e-002  -5.7 1.29e+000  -3.4 1.00e+000 3.61e-001h  1
 106 2.4805987e-001 6.74e-003 2.26e-002  -5.7 1.11e-001  -2.9 9.68e-001 1.00e+000f  1
 107 2.4743429e-001 6.78e-002 1.44e-002  -5.7 5.92e-001  -3.4 1.00e+000 3.68e-001h  1
 108 2.4728607e-001 5.95e-002 1.41e-002  -5.7 4.15e-001  -3.0 1.00e+000 1.63e-001h  1
 109 2.4706008e-001 6.32e-003 1.45e-002  -5.7 8.69e-002  -2.6 9.80e-001 1.00e+000f  1
iter    objective    inf_pr   inf_du lg(mu)  ||d||  lg(rg) alpha_du alpha_pr  ls
 110 2.4623491e-001 4.81e-002 2.70e-002  -5.7 7.45e-001  -3.0 1.00e+000 4.61e-001h  1
 111 2.4614535e-001 3.70e-003 3.54e-002  -5.7 1.56e-001  -2.6 1.00e+000 1.00e+000f  1
 112 2.4583550e-001 9.43e-003 3.19e-002  -5.7 1.74e+000  -3.1 3.06e-001 9.16e-002h  1
 113 2.4567687e-001 8.29e-003 2.79e-002  -5.7 4.82e-001  -3.6 2.29e-001 1.28e-001f  1
 114 2.4500855e-001 6.28e-003 1.77e-002  -5.7 2.88e-001  -4.0 1.00e+000 4.27e-001f  1
 115 2.4290473e-001 1.56e-002 1.21e-002  -5.7 7.81e-001  -4.5 1.00e+000 1.00e+000f  1
 116 2.4259292e-001 1.03e-003 1.63e-004  -5.7 2.77e-001  -4.1 1.00e+000 1.00e+000h  1
 117 2.4201335e-001 5.79e-003 1.70e-004  -5.7 6.83e-001  -4.6 1.00e+000 1.00e+000h  1
 118 2.4187089e-001 5.41e-004 1.69e-005  -5.7 2.35e-001  -4.1 1.00e+000 1.00e+000h  1
 119 2.4160227e-001 5.51e-003 3.30e-004  -5.7 5.48e-001  -4.6 1.00e+000 1.00e+000h  1
iter    objective    inf_pr   inf_du lg(mu)  ||d||  lg(rg) alpha_du alpha_pr  ls
 120 2.4152123e-001 1.25e-003 4.86e-005  -5.7 1.83e-001  -4.2 1.00e+000 1.00e+000h  1
 121 2.4138276e-001 2.71e-002 9.49e-004  -5.7 4.05e-001  -4.7 1.00e+000 1.00e+000h  1
 122 2.4118213e-001 1.77e-001 1.11e-002  -5.7 1.34e+000  -5.1 1.00e+000 1.00e+000H  1
 123 2.4109887e-001 3.39e-002 1.67e-003  -5.7 4.68e-001  -5.6 1.00e+000 1.00e+000h  1
 124 2.4110046e-001 5.29e-003 8.29e-004  -5.7 2.53e-001  -6.1 1.00e+000 1.00e+000h  1
 125 2.4109713e-001 9.33e-004 1.08e-004  -5.7 9.48e-002    -  1.00e+000 1.00e+000h  1
 126 2.4109601e-001 3.11e-005 4.21e-006  -5.7 1.86e-002    -  1.00e+000 1.00e+000h  1
 127 2.3513743e-001 2.73e-002 3.14e-003  -7.0 1.36e+000    -  7.24e-001 4.13e-001f  1
 128 2.3234476e-001 1.80e-002 2.78e-003  -7.0 4.47e-001    -  1.00e+000 3.94e-001h  1
 129 2.3044343e-001 9.52e-003 1.82e-003  -7.0 6.07e-001    -  1.00e+000 5.68e-001h  1
iter    objective    inf_pr   inf_du lg(mu)  ||d||  lg(rg) alpha_du alpha_pr  ls
 130 2.2987775e-001 5.50e-003 1.53e-003  -7.0 3.85e-001    -  1.00e+000 5.21e-001h  1
 131 2.2963484e-001 8.76e-003 1.06e-003  -7.0 1.12e+000    -  9.06e-001 5.91e-001h  1
 132 2.2945967e-001 1.02e-003 1.69e-004  -7.0 2.42e-001    -  1.00e+000 1.00e+000f  1
 133 2.2945817e-001 2.33e-004 3.86e-005  -7.0 1.16e-001    -  1.00e+000 1.00e+000h  1
 134 2.2945767e-001 3.45e-005 5.37e-006  -7.0 4.51e-002    -  1.00e+000 1.00e+000h  1
 135 2.2945758e-001 7.30e-007 1.15e-007  -7.0 6.74e-003    -  1.00e+000 1.00e+000h  1

Number of Iterations....: 135

                                   (scaled)                 (unscaled)
Objective...............:  2.2945758286443554e-001   2.2945758286443554e-001
Dual infeasibility......:  1.1468178460920550e-007   1.1468178460920550e-007
Constraint violation....:  5.4835213950110706e-007   7.2991767297025945e-007
Complementarity.........:  9.0909091283689912e-008   9.0909091283689912e-008
Overall NLP error.......:  5.4835213950110706e-007   7.2991767297025945e-007


Number of objective function evaluations             = 143
Number of objective gradient evaluations             = 136
Number of equality constraint evaluations            = 143
Number of inequality constraint evaluations          = 143
Number of equality constraint Jacobian evaluations   = 136
Number of inequality constraint Jacobian evaluations = 136
Number of Lagrangian Hessian evaluations             = 135
Total CPU secs in IPOPT (w/o function evaluations)   =     88.970
Total CPU secs in NLP function evaluations           =      8.003

EXIT: Optimal Solution Found.
      solver  :   t_proc      (avg)   t_wall      (avg)    n_eval
       nlp_f  |  81.00ms (566.43us)  81.01ms (566.50us)       143
       nlp_g  | 890.00ms (  6.22ms) 890.05ms (  6.22ms)       143
  nlp_grad_f  | 137.00ms (  1.00ms) 137.06ms (  1.00ms)       137
  nlp_hess_l  |   3.47 s ( 25.70ms)   3.47 s ( 25.70ms)       135
   nlp_jac_g  |   3.38 s ( 24.71ms)   3.39 s ( 24.72ms)       137
       total  |  96.97 s ( 96.97 s)  96.97 s ( 96.97 s)         1
Computation time solving OCP: 99.3558 s
