This is Ipopt version 3.12.3, running with linear solver mumps.
NOTE: Other linear solvers might be more efficient (see Ipopt documentation).

Number of nonzeros in equality constraint Jacobian...:   239305
Number of nonzeros in inequality constraint Jacobian.:    74017
Number of nonzeros in Lagrangian Hessian.............:   261497

Total number of variables............................:    74017
                     variables with only lower bounds:        0
                variables with lower and upper bounds:        0
                     variables with only upper bounds:        0
Total number of equality constraints.................:    57705
Total number of inequality constraints...............:    74017
        inequality constraints with only lower bounds:    14080
   inequality constraints with lower and upper bounds:    59937
        inequality constraints with only upper bounds:        0

iter    objective    inf_pr   inf_du lg(mu)  ||d||  lg(rg) alpha_du alpha_pr  ls
   0 4.3096906e+001 1.73e+001 1.00e+002  -1.0 0.00e+000    -  0.00e+000 0.00e+000   0
   1 4.6322366e+001 1.47e+001 1.30e+002  -1.0 6.36e+000    -  6.85e-002 1.51e-001f  1
   2 5.4355333e+001 1.30e+001 1.08e+002  -1.0 7.28e+000    -  1.12e-001 1.14e-001f  1
   3 9.9031747e+001 6.68e+000 3.92e+002  -1.0 8.24e+000    -  2.36e-001 5.01e-001f  1
   4 1.3516554e+002 2.78e+000 1.84e+002  -1.0 1.47e+001  -2.0 5.41e-002 7.69e-001f  1
   5 1.3536603e+002 2.70e+000 1.79e+002  -1.0 3.26e+000   0.2 2.43e-002 2.75e-002f  1
   6 1.3676985e+002 2.29e+000 1.52e+002  -1.0 4.55e+000  -0.2 1.45e-001 1.51e-001f  1
   7 1.4012556e+002 1.83e+000 4.87e+002  -1.0 1.91e+000   0.2 6.07e-001 2.04e-001f  1
   8 1.4552989e+002 1.10e+000 5.54e+002  -1.0 3.58e+000  -0.3 5.02e-001 4.03e-001f  1
   9 1.5299192e+002 2.30e+000 9.97e+002  -1.0 3.55e+000  -0.8 4.36e-001 7.61e-001f  1
iter    objective    inf_pr   inf_du lg(mu)  ||d||  lg(rg) alpha_du alpha_pr  ls
  10 1.5429049e+002 2.16e+000 1.02e+002  -1.0 3.87e+000  -1.3 1.75e-001 1.00e+000f  1
  11 1.5456741e+002 1.93e+000 9.08e+001  -1.0 2.34e+000  -0.8 7.13e-001 1.05e-001f  1
  12 1.5863670e+002 5.06e-001 2.19e+002  -1.0 3.18e+000  -0.4 6.49e-001 1.00e+000f  1
  13 1.5947690e+002 2.77e-002 1.28e+002  -1.0 7.35e-001   0.0 6.88e-001 1.00e+000f  1
  14 1.5989483e+002 8.35e-002 1.27e+001  -1.0 2.91e-001  -0.4 1.00e+000 1.00e+000f  1
  15 1.5981513e+002 7.14e-002 5.50e+000  -1.0 2.73e+000  -0.9 9.39e-001 4.77e-001f  1
  16 1.5981845e+002 3.03e-002 6.27e+000  -1.0 7.29e-001  -0.5 1.00e+000 1.00e+000f  1
  17 1.5959978e+002 1.10e-001 4.33e+001  -1.0 1.32e+000  -1.0 1.00e+000 1.00e+000f  1
  18 1.5923117e+002 1.15e-001 1.22e+001  -1.0 1.59e+000  -1.5 7.05e-001 1.00e+000f  1
  19 1.5880379e+002 1.44e-001 8.02e+000  -1.0 2.12e+000  -1.9 9.45e-001 1.00e+000f  1
iter    objective    inf_pr   inf_du lg(mu)  ||d||  lg(rg) alpha_du alpha_pr  ls
  20 1.5868526e+002 1.75e-002 2.58e+000  -1.0 1.22e+000  -1.5 1.00e+000 1.00e+000h  1
  21 1.5851855e+002 1.18e-001 3.37e+000  -1.0 2.22e+000  -2.0 8.77e-001 1.00e+000f  1
  22 1.5847953e+002 1.06e-002 9.74e-001  -1.0 5.83e-001  -1.6 1.00e+000 1.00e+000h  1
  23 6.6446262e+001 7.19e-001 4.68e+000  -1.7 5.67e-001  -2.0 9.60e-001 1.00e+000f  1
  24 3.4906929e+001 4.79e-001 2.25e+000  -1.7 1.15e+000  -2.5 1.00e+000 1.00e+000f  1
  25 3.2691987e+001 7.14e-003 4.13e-002  -1.7 4.52e-001  -2.1 1.00e+000 1.00e+000h  1
  26 1.2447979e+001 3.64e-001 1.10e+000  -2.5 5.39e-001  -2.6 9.50e-001 1.00e+000f  1
  27 6.7513340e+000 2.88e-001 3.07e-001  -2.5 6.83e-001  -3.0 1.00e+000 1.00e+000f  1
  28 6.2631398e+000 1.28e-001 8.34e-002  -2.5 1.55e+000  -3.5 1.00e+000 1.00e+000h  1
  29 6.2470560e+000 6.45e-003 3.85e-003  -2.5 3.63e-001  -3.1 1.00e+000 1.00e+000h  1
iter    objective    inf_pr   inf_du lg(mu)  ||d||  lg(rg) alpha_du alpha_pr  ls
  30 4.0082346e+000 2.01e-001 2.06e-001  -3.8 4.79e-001  -3.6 8.33e-001 1.00e+000f  1
  31 3.0022521e+000 3.74e-001 1.10e-001  -3.8 3.96e-001  -4.0 8.97e-001 1.00e+000h  1
  32 2.7063498e+000 8.95e-001 6.44e+000  -3.8 1.79e+000  -4.5 1.00e+000 2.71e-001h  1
  33 2.7057533e+000 8.94e-001 6.43e+000  -3.8 1.12e+000  -1.4 1.81e-001 2.05e-003h  1
  34 2.6093296e+000 5.21e-001 4.48e+000  -3.8 3.44e-001  -1.9 1.00e+000 4.19e-001h  1
  35 2.3830848e+000 1.60e-001 2.02e+000  -3.8 5.17e-001  -2.3 4.94e-001 6.98e-001h  1
  36 1.9081669e+000 2.22e-001 1.95e-001  -3.8 2.27e-001  -2.8 1.00e+000 1.00e+000h  1
  37 1.7482147e+000 2.81e-001 1.13e-001  -3.8 2.40e-001  -3.3 9.86e-002 5.38e-001h  1
  38 1.8081166e+000 2.26e+000 8.78e+000  -3.8 1.86e+000  -3.8 1.01e-001 2.62e-001h  1
  39 1.7571586e+000 1.19e-002 7.09e+000  -3.8 1.06e-001  -0.6 1.00e+000 1.00e+000h  1
iter    objective    inf_pr   inf_du lg(mu)  ||d||  lg(rg) alpha_du alpha_pr  ls
  40 1.7314110e+000 1.16e-003 5.76e-001  -3.8 3.00e-001  -1.1 9.62e-001 1.00e+000h  1
  41 1.7267513e+000 1.37e-003 1.45e-001  -3.8 2.51e-001  -1.6 1.00e+000 1.00e+000h  1
  42 1.7228936e+000 4.10e-002 9.03e-002  -3.8 1.92e-001  -2.1 3.21e-001 1.00e+000h  1
  43 1.7056068e+000 1.60e-001 5.57e-002  -3.8 2.55e-001  -2.5 1.00e+000 1.00e+000h  1
  44 1.6781234e+000 1.08e-001 2.56e-002  -3.8 1.24e-001  -3.0 9.60e-001 1.00e+000h  1
  45 1.6574805e+000 1.31e-001 8.17e-003  -3.8 1.37e-001  -3.5 1.00e+000 1.00e+000h  1
  46 1.6484258e+000 1.03e-001 4.06e-003  -3.8 2.78e-001  -4.0 1.00e+000 1.00e+000h  1
  47 1.6452032e+000 7.06e-002 1.30e-003  -3.8 4.35e-001  -4.5 1.00e+000 1.00e+000h  1
  48 1.6448714e+000 1.13e-002 1.27e-004  -3.8 1.29e-001  -4.0 1.00e+000 1.00e+000h  1
  49 1.2257868e+000 5.25e-001 3.19e-001  -5.7 7.25e-001  -4.5 5.89e-001 6.44e-001f  1
iter    objective    inf_pr   inf_du lg(mu)  ||d||  lg(rg) alpha_du alpha_pr  ls
  50 1.2174352e+000 9.03e-001 3.16e-001  -5.7 3.30e+001  -4.1 3.55e-002 9.53e-003h  1
  51 9.4969681e-001 5.08e-001 2.03e-001  -5.7 7.50e-001  -3.7 3.26e-001 3.69e-001h  1
  52 7.6883895e-001 4.04e-001 1.23e-001  -5.7 4.75e-001  -3.2 2.72e-001 4.59e-001h  1
  53 5.9995101e-001 2.31e-001 1.27e-001  -5.7 1.66e-001  -2.8 1.67e-001 1.00e+000h  1
  54 5.5044020e-001 5.13e-002 3.04e-002  -5.7 5.83e-002  -2.4 4.65e-001 9.44e-001h  1
  55 5.1492531e-001 4.97e-001 1.10e-001  -5.7 6.05e-001  -2.9 5.87e-001 3.48e-001h  1
  56 4.8358538e-001 1.46e-001 3.87e-002  -5.7 7.27e-002  -2.4 1.00e+000 7.18e-001h  1
  57 4.6194038e-001 1.96e-001 1.28e-001  -5.7 8.65e-001  -2.9 2.81e-001 2.24e-001h  1
  58 4.2523462e-001 1.56e-001 1.03e-001  -5.7 3.66e-001  -3.4 5.18e-001 2.04e-001h  1
  59 4.0151303e-001 1.06e-001 6.98e-002  -5.7 1.17e-001  -3.0 7.73e-001 3.12e-001h  1
iter    objective    inf_pr   inf_du lg(mu)  ||d||  lg(rg) alpha_du alpha_pr  ls
  60 3.8502858e-001 5.12e-002 2.85e-002  -5.7 7.11e-002  -2.5 1.00e+000 5.71e-001h  1
  61 3.5905838e-001 7.04e-002 1.60e-002  -5.7 1.83e-001  -3.0 8.16e-001 4.33e-001h  1
  62 3.4886368e-001 4.47e-002 1.49e-002  -5.7 8.70e-002  -2.6 1.00e+000 4.70e-001h  1
  63 3.4087403e-001 5.24e-003 7.62e-003  -5.7 3.36e-002  -2.2 1.00e+000 1.00e+000h  1
  64 3.3140624e-001 1.17e-001 1.18e-001  -5.7 3.06e-001  -2.6 7.40e-001 4.87e-001h  1
  65 3.2601532e-001 3.61e-001 1.37e-001  -5.7 1.85e+000  -3.1 3.51e-001 1.34e-001h  1
  66 3.1966795e-001 2.34e-001 9.32e-002  -5.7 1.10e-001  -2.7 8.49e-001 3.56e-001h  1
  67 3.0517976e-001 1.42e-001 5.56e-002  -5.7 1.86e-001  -3.2 2.46e-001 3.96e-001h  1
  68 2.9835833e-001 7.14e-002 2.74e-002  -5.7 5.98e-002  -2.7 9.64e-001 5.06e-001h  1
  69 2.8862871e-001 1.02e-001 1.70e-002  -5.7 1.43e-001  -3.2 6.03e-001 3.83e-001h  1
iter    objective    inf_pr   inf_du lg(mu)  ||d||  lg(rg) alpha_du alpha_pr  ls
  70 2.8132503e-001 4.50e-002 8.26e-003  -5.7 6.38e-002  -2.8 1.00e+000 7.74e-001h  1
  71 2.7789084e-001 1.76e-001 1.59e-002  -5.7 4.24e-001  -3.3 1.82e-001 2.08e-001h  1
  72 2.7212494e-001 7.15e-002 2.84e-002  -5.7 5.58e-002  -2.8 1.00e+000 8.41e-001h  1
  73 2.6641584e-001 4.41e-001 2.71e-002  -5.7 3.43e-001  -3.3 1.60e-001 5.01e-001h  1
  74 2.6600494e-001 4.96e-001 1.51e-001  -5.7 2.54e+000  -2.9 1.53e-001 8.10e-002h  1
  75 2.6563535e-001 4.09e-001 1.29e-001  -5.7 2.02e-001  -2.5 3.49e-001 1.76e-001h  1
  76 2.6520083e-001 4.55e-001 1.24e-001  -5.7 2.89e+000  -2.9 3.77e-002 3.98e-002h  2
  77 2.6379990e-001 2.63e-001 5.21e-002  -5.7 1.40e-001  -2.5 3.12e-001 5.44e-001h  1
  78 2.5950095e-001 2.41e-002 1.72e-002  -5.7 6.36e-002  -3.0 9.92e-001 1.00e+000f  1
  79 2.5601335e-001 1.21e-001 1.81e-002  -5.7 2.65e-001  -3.5 8.91e-001 5.32e-001h  1
iter    objective    inf_pr   inf_du lg(mu)  ||d||  lg(rg) alpha_du alpha_pr  ls
  80 2.5569590e-001 2.33e-003 1.27e-002  -5.7 3.34e-002  -2.1 1.00e+000 1.00e+000f  1
  81 2.5470090e-001 3.94e-002 1.87e-002  -5.7 8.40e-002  -2.6 1.00e+000 1.00e+000h  1
  82 2.5429827e-001 1.55e-002 2.69e-002  -5.7 5.30e-002  -2.2 1.00e+000 1.00e+000h  1
  83 2.5395072e-001 3.77e-002 3.28e-002  -5.7 1.79e-001  -2.7 1.00e+000 4.25e-001h  1
  84 2.5271453e-001 1.74e-002 2.49e-002  -5.7 7.29e-002  -3.1 1.00e+000 5.54e-001f  1
  85 2.5093995e-001 6.68e-001 2.86e-002  -5.7 7.10e-001  -3.6 1.37e-001 3.92e-001f  1
  86 2.4812111e-001 4.26e-001 1.43e-002  -5.7 4.60e-001  -4.1 4.79e-001 3.89e-001f  1
  87 2.4762333e-001 1.68e-001 3.66e-002  -5.7 1.00e-001  -2.8 9.71e-001 8.38e-001f  1
  88 2.4715908e-001 2.64e-001 1.74e-002  -5.7 3.14e-001  -3.2 3.51e-001 3.01e-001f  1
  89 2.4651899e-001 1.02e-001 2.41e-002  -5.7 7.99e-002  -2.8 1.25e-001 1.00e+000h  1
iter    objective    inf_pr   inf_du lg(mu)  ||d||  lg(rg) alpha_du alpha_pr  ls
  90 2.4626705e-001 7.01e-002 4.16e-002  -5.7 7.47e-002  -2.4 1.00e+000 6.70e-001h  1
  91 2.4615176e-001 2.47e-001 1.43e-001  -5.7 6.12e-001  -2.9 9.66e-001 3.17e-001f  1
  92 2.4491838e-001 3.81e-002 5.21e-002  -5.7 8.50e-002  -3.3 6.16e-001 8.72e-001f  1
  93 2.4280248e-001 1.90e-002 8.81e-003  -5.7 2.19e-001  -3.8 1.00e+000 1.00e+000f  1
  94 2.4045038e-001 8.25e-003 9.88e-004  -5.7 5.06e-001  -4.3 8.65e-001 1.00e+000h  1
  95 2.3870728e-001 1.85e-002 9.45e-004  -5.7 1.26e+000  -4.8 1.00e+000 1.00e+000h  1
  96 2.3847714e-001 1.73e-003 1.21e-004  -5.7 3.96e-001  -4.4 1.00e+000 1.00e+000h  1
  97 2.3801871e-001 2.63e-002 9.47e-004  -5.7 8.45e-001  -4.8 1.00e+000 1.00e+000h  1
  98 2.3786628e-001 5.71e-003 6.54e-005  -5.7 2.66e-001  -4.4 1.00e+000 1.00e+000h  1
  99 2.3770306e-001 7.85e-002 1.67e-003  -5.7 7.08e-001  -4.9 1.00e+000 1.00e+000h  1
iter    objective    inf_pr   inf_du lg(mu)  ||d||  lg(rg) alpha_du alpha_pr  ls
 100 2.3766296e-001 1.42e-001 7.44e-003  -5.7 9.40e-001  -5.4 1.00e+000 1.00e+000h  1
 101 2.3748698e-001 2.34e-002 1.05e-003  -5.7 8.85e-001  -5.8 1.00e+000 1.00e+000h  1
 102 2.3743635e-001 4.57e-003 8.61e-005  -5.7 2.71e-001    -  1.00e+000 1.00e+000h  1
 103 2.3742840e-001 9.46e-004 7.65e-006  -5.7 1.32e-001    -  1.00e+000 1.00e+000h  1
 104 2.3742720e-001 1.62e-004 9.21e-007  -5.7 5.52e-002    -  1.00e+000 1.00e+000h  1
 105 2.2994534e-001 2.20e-002 8.98e-004  -7.0 7.13e-001    -  7.55e-001 4.31e-001f  1
 106 2.2679971e-001 2.12e-002 1.13e-003  -7.0 7.88e-001  -6.3 7.65e-001 4.06e-001h  1
 107 2.2524810e-001 1.41e-002 1.14e-003  -7.0 2.49e-001  -5.0 9.86e-001 4.39e-001h  1
 108 2.2435414e-001 8.32e-003 7.18e-004  -7.0 3.43e-001  -5.5 1.00e+000 5.38e-001h  1
 109 2.2386736e-001 2.38e-003 2.27e-004  -7.0 1.22e-001  -5.0 1.00e+000 7.96e-001h  1
iter    objective    inf_pr   inf_du lg(mu)  ||d||  lg(rg) alpha_du alpha_pr  ls
 110 2.2376046e-001 1.51e-004 2.26e-005  -7.0 4.29e-002  -4.6 1.00e+000 1.00e+000f  1
 111 2.2375564e-001 7.18e-004 1.04e-004  -7.0 9.24e-002  -5.1 1.00e+000 1.00e+000h  1
 112 2.2375373e-001 9.52e-005 1.33e-005  -7.0 3.27e-002  -4.7 1.00e+000 1.00e+000h  1
 113 2.2375308e-001 5.18e-004 7.60e-005  -7.0 7.69e-002  -5.1 1.00e+000 1.00e+000h  1
 114 2.2375208e-001 6.54e-005 9.00e-006  -7.0 2.66e-002  -4.7 1.00e+000 1.00e+000h  1
 115 2.2375126e-001 1.73e-005 5.70e-005  -7.0 6.26e-002  -5.2 1.00e+000 1.00e+000H  1
 116 2.2375117e-001 3.47e-004 1.18e-005  -7.0 2.46e-002  -4.8 1.00e+000 1.00e+000h  1
 117 2.2374955e-001 6.26e-004 4.58e-004  -7.0 1.53e-001  -5.2 1.00e+000 1.00e+000H  1
 118 2.2359943e-001 7.19e-001 1.16e-003  -7.0 1.74e+000  -5.7 1.00e+000 1.00e+000H  1
 119 2.2367450e-001 3.58e-001 6.38e-004  -7.0 8.35e-002  -5.3 1.00e+000 5.00e-001h  2
iter    objective    inf_pr   inf_du lg(mu)  ||d||  lg(rg) alpha_du alpha_pr  ls
 120 2.2371256e-001 1.79e-001 3.37e-004  -7.0 3.36e-002  -4.9 1.00e+000 5.00e-001h  2
 121 2.2373185e-001 8.93e-002 1.69e-004  -7.0 8.39e-002  -5.3 1.00e+000 5.00e-001h  2
 122 2.2374131e-001 4.46e-002 8.48e-005  -7.0 3.50e-002  -4.9 1.00e+000 5.00e-001h  2
 123 2.2374808e-001 1.44e-002 3.94e-004  -7.0 2.61e-001  -5.4 1.00e+000 5.00e-001h  2
 124 2.2375037e-001 3.94e-003 1.12e-004  -7.0 7.42e-002  -5.0 1.00e+000 1.00e+000h  1
 125 2.2374008e-001 2.89e-002 2.47e-003  -7.0 4.17e-001  -5.4 1.00e+000 1.00e+000H  1
 126 2.2374726e-001 7.48e-003 1.82e-004  -7.0 1.02e-001    -  1.00e+000 1.00e+000h  1
 127 2.2374561e-001 7.75e-005 2.59e-006  -7.0 1.08e-002    -  1.00e+000 1.00e+000h  1
 128 2.2374559e-001 3.74e-008 1.07e-009  -7.0 2.33e-004    -  1.00e+000 1.00e+000h  1

Number of Iterations....: 128

                                   (scaled)                 (unscaled)
Objective...............:  2.0472672225072136e-001   2.2374559169283545e-001
Dual infeasibility......:  1.0736600743184965e-009   1.1734018205555442e-009
Constraint violation....:  4.6389736496621481e-010   3.7388524276593671e-008
Complementarity.........:  9.0909090913198535e-008   9.9354437530246279e-008
Overall NLP error.......:  9.0909090913198535e-008   9.9354437530246279e-008


Number of objective function evaluations             = 140
Number of objective gradient evaluations             = 129
Number of equality constraint evaluations            = 140
Number of inequality constraint evaluations          = 140
Number of equality constraint Jacobian evaluations   = 129
Number of inequality constraint Jacobian evaluations = 129
Number of Lagrangian Hessian evaluations             = 128
Total CPU secs in IPOPT (w/o function evaluations)   =     91.530
Total CPU secs in NLP function evaluations           =      7.842

EXIT: Optimal Solution Found.
      solver  :   t_proc      (avg)   t_wall      (avg)    n_eval
       nlp_f  |  78.00ms (557.14us)  77.69ms (554.94us)       140
       nlp_g  | 867.00ms (  6.19ms) 866.73ms (  6.19ms)       140
  nlp_grad_f  | 136.00ms (  1.05ms) 135.55ms (  1.04ms)       130
  nlp_hess_l  |   3.50 s ( 27.31ms)   3.50 s ( 27.32ms)       128
   nlp_jac_g  |   3.23 s ( 24.88ms)   3.24 s ( 24.89ms)       130
       total  |  99.37 s ( 99.37 s)  99.37 s ( 99.37 s)         1
Computation time solving OCP: 101.8654 s
