This is Ipopt version 3.12.3, running with linear solver mumps.
NOTE: Other linear solvers might be more efficient (see Ipopt documentation).

Number of nonzeros in equality constraint Jacobian...:   246840
Number of nonzeros in inequality constraint Jacobian.:   148338
Number of nonzeros in Lagrangian Hessian.............:   269703

Total number of variables............................:    76338
                     variables with only lower bounds:        0
                variables with lower and upper bounds:        0
                     variables with only upper bounds:        0
Total number of equality constraints.................:    59520
Total number of inequality constraints...............:   148338
        inequality constraints with only lower bounds:    86520
   inequality constraints with lower and upper bounds:    61818
        inequality constraints with only upper bounds:        0

iter    objective    inf_pr   inf_du lg(mu)  ||d||  lg(rg) alpha_du alpha_pr  ls
   0 6.7994245e+001 3.56e+001 1.00e+002  -1.0 0.00e+000    -  0.00e+000 0.00e+000   0
   1 7.3794645e+001 3.12e+001 1.37e+002  -1.0 9.47e+000    -  4.59e-002 1.17e-001f  1
   2 1.0687954e+002 2.09e+001 3.19e+002  -1.0 9.03e+000    -  6.12e-002 3.02e-001f  1
   3 1.3061262e+002 1.37e+001 3.09e+002  -1.0 1.07e+001    -  1.62e-001 3.10e-001f  1
   4 3.0550880e+002 8.66e+000 7.17e+002  -1.0 7.16e+000    -  1.65e-001 9.58e-001f  1
   5 3.3598494e+002 5.97e+000 4.78e+002  -1.0 2.01e+000   0.0 2.39e-001 3.18e-001f  1
   6 3.4178442e+002 5.48e+000 4.39e+002  -1.0 1.76e+000   0.4 5.94e-001 8.18e-002f  1
   7 3.8098830e+002 3.85e+000 3.01e+002  -1.0 3.18e+000  -0.1 3.59e-001 3.14e-001f  1
   8 3.9985984e+002 3.00e+000 2.35e+002  -1.0 1.15e+000   0.4 9.62e-001 2.24e-001f  1
   9 4.8592654e+002 1.63e+000 1.53e+002  -1.0 1.46e+000  -0.1 5.79e-001 6.00e-001f  1
iter    objective    inf_pr   inf_du lg(mu)  ||d||  lg(rg) alpha_du alpha_pr  ls
  10 5.5996704e+002 2.82e+000 1.56e+002  -1.0 2.71e+000  -0.6 4.77e-001 5.64e-001f  1
  11 6.1806908e+002 1.11e+000 4.80e+001  -1.0 5.14e-001  -0.2 1.00e+000 7.00e-001f  1
  12 6.8228190e+002 1.01e+000 4.17e+001  -1.0 1.21e+000  -0.6 7.93e-001 6.67e-001f  1
  13 7.5324233e+002 2.14e+000 7.21e+001  -1.0 2.18e+000  -1.1 3.92e-001 7.93e-001f  1
  14 7.8411233e+002 2.63e-001 1.84e+001  -1.0 9.39e-001  -0.7 1.00e+000 1.00e+000f  1
  15 7.9264408e+002 2.30e-001 4.18e+000  -1.0 1.29e+000  -1.2 1.00e+000 1.00e+000f  1
  16 7.9281170e+002 3.72e-002 2.78e+000  -1.0 5.03e-001  -0.7 1.00e+000 1.00e+000f  1
  17 7.9251702e+002 1.28e-001 6.79e+000  -1.0 1.38e+000  -1.2 9.74e-001 1.00e+000f  1
  18 7.9225158e+002 1.20e-002 1.92e+000  -1.0 4.18e-001  -0.8 1.00e+000 1.00e+000f  1
  19 7.9173945e+002 6.64e-002 1.26e+000  -1.0 1.18e+000  -1.3 1.00e+000 1.00e+000f  1
iter    objective    inf_pr   inf_du lg(mu)  ||d||  lg(rg) alpha_du alpha_pr  ls
  20 7.9145186e+002 7.83e-003 5.31e-001  -1.0 5.35e-001  -0.8 1.00e+000 1.00e+000f  1
  21 3.7583850e+002 1.93e+000 2.92e+001  -1.7 7.16e-001  -1.3 7.47e-001 1.00e+000f  1
  22 2.1764596e+002 1.04e+000 5.50e+000  -1.7 8.92e-001  -1.8 1.00e+000 1.00e+000f  1
  23 1.8306357e+002 1.29e-001 7.47e-001  -1.7 4.73e-001  -1.4 1.00e+000 1.00e+000f  1
  24 1.7673311e+002 7.49e-002 8.53e-001  -1.7 1.65e+000  -1.8 7.23e-001 1.00e+000h  1
  25 1.7617182e+002 1.36e-002 6.82e-001  -1.7 5.60e-001  -1.4 1.00e+000 1.00e+000h  1
  26 1.7581223e+002 5.58e-002 3.48e-001  -1.7 1.57e+000  -1.9 1.00e+000 1.00e+000f  1
  27 1.7572899e+002 7.05e-003 9.24e-001  -1.7 6.48e-001  -1.5 1.00e+000 1.00e+000h  1
  28 1.7559861e+002 5.07e-002 1.92e-001  -1.7 8.57e-001  -1.9 1.00e+000 1.00e+000f  1
  29 7.2230123e+001 1.06e+000 9.71e+000  -2.5 4.74e-001  -1.5 6.14e-001 1.00e+000f  1
iter    objective    inf_pr   inf_du lg(mu)  ||d||  lg(rg) alpha_du alpha_pr  ls
  30 3.7164992e+001 7.12e-001 5.28e+000  -2.5 4.80e-001  -2.0 7.28e-001 1.00e+000f  1
  31 2.6038360e+001 2.58e-001 9.38e-001  -2.5 8.45e-001  -2.5 1.00e+000 1.00e+000f  1
  32 2.4338799e+001 2.30e-002 8.79e-002  -2.5 2.77e-001  -2.0 1.00e+000 1.00e+000h  1
  33 2.3901887e+001 6.75e-002 2.43e-001  -2.5 7.90e-001  -2.5 1.00e+000 1.00e+000h  1
  34 2.3843385e+001 6.24e-003 2.86e-002  -2.5 2.73e-001  -2.1 1.00e+000 1.00e+000h  1
  35 2.3786780e+001 5.29e-002 1.60e-001  -2.5 7.52e-001  -2.6 1.00e+000 1.00e+000h  1
  36 2.3772145e+001 5.50e-003 2.08e-002  -2.5 2.45e-001  -2.1 1.00e+000 1.00e+000h  1
  37 9.4284294e+000 6.29e-001 2.37e+000  -3.8 4.91e-001  -2.6 6.08e-001 1.00e+000f  1
  38 6.9415732e+000 6.43e-001 9.68e-001  -3.8 5.43e-001  -3.1 4.66e-001 1.00e+000h  1
  39 6.2169143e+000 3.34e-001 1.67e-001  -3.8 5.63e-001  -3.6 9.27e-001 1.00e+000h  1
iter    objective    inf_pr   inf_du lg(mu)  ||d||  lg(rg) alpha_du alpha_pr  ls
  40 5.5819458e+000 2.18e-001 3.52e-002  -3.8 1.89e-001  -3.2 1.00e+000 1.00e+000h  1
  41 5.1655144e+000 1.29e-001 1.64e-002  -3.8 5.46e-001  -3.6 1.00e+000 1.00e+000h  1
  42 5.1009307e+000 5.31e-003 9.05e-004  -3.8 1.86e-001  -3.2 1.00e+000 1.00e+000h  1
  43 3.8154795e+000 6.02e-001 7.30e-002  -5.7 3.88e-001  -3.7 5.54e-001 1.00e+000f  1
  44 2.7841913e+000 1.04e+000 5.72e-002  -5.7 1.13e+000  -4.2 2.18e-001 4.85e-001h  1
  45 2.6448552e+000 9.65e-001 1.28e+000  -5.7 2.15e+000  -3.7 2.04e-001 9.19e-002h  1
  46 2.6091963e+000 9.49e-001 1.26e+000  -5.7 1.38e+001  -4.2 5.11e-002 1.84e-002h  1
  47 2.5201197e+000 9.05e-001 1.20e+000  -5.7 8.79e-001  -3.8 1.93e-001 5.21e-002h  1
  48 2.0555906e+000 8.64e-001 9.90e-001  -5.7 2.08e+000  -4.3 1.68e-001 1.97e-001h  1
  49 1.9757952e+000 8.15e-001 9.32e-001  -5.7 4.31e+000  -3.8 2.02e-001 6.08e-002h  1
iter    objective    inf_pr   inf_du lg(mu)  ||d||  lg(rg) alpha_du alpha_pr  ls
  50 1.7845703e+000 7.92e-001 8.23e-001  -5.7 2.93e+000  -4.3 1.22e-001 1.24e-001h  1
  51 1.6774655e+000 8.86e-001 7.41e-001  -5.7 3.32e+000  -3.9 5.47e-002 1.03e-001h  1
  52 1.4989661e+000 1.00e+000 5.54e-001  -5.7 6.27e-001  -3.5 2.39e-001 2.79e-001h  1
  53 1.4435135e+000 8.26e-001 4.60e-001  -5.7 2.63e-001  -3.0 8.77e-002 1.77e-001h  1
  54 1.4004861e+000 9.40e-001 4.23e-001  -5.7 2.04e+000  -3.5 9.15e-002 8.06e-002h  1
  55 1.3652141e+000 8.30e-001 3.74e-001  -5.7 2.78e-001  -3.1 2.25e-001 1.18e-001h  1
  56 1.3336735e+000 1.04e+000 3.53e-001  -5.7 3.28e+000  -3.6 8.17e-002 5.43e-002h  1
  57 1.2689731e+000 8.20e-001 2.78e-001  -5.7 3.07e-001  -3.1 5.71e-002 2.15e-001h  1
  58 1.2016377e+000 4.06e-001 1.37e-001  -5.7 1.68e-001  -2.7 3.86e-001 5.17e-001h  1
  59 1.1406161e+000 4.37e-001 1.06e-001  -5.7 6.49e-001  -3.2 2.02e-001 2.30e-001h  1
iter    objective    inf_pr   inf_du lg(mu)  ||d||  lg(rg) alpha_du alpha_pr  ls
  60 1.0681322e+000 1.52e-001 7.59e-002  -5.7 1.40e-001  -2.8 1.67e-001 6.64e-001h  1
  61 1.0242269e+000 4.60e-001 7.37e-002  -5.7 6.98e-001  -3.2 5.80e-002 1.89e-001h  1
  62 9.9667379e-001 3.31e-001 5.93e-002  -5.7 1.33e-001  -2.8 2.07e-001 2.86e-001h  1
  63 9.1547078e-001 3.20e-001 3.67e-002  -5.7 5.20e-001  -3.3 2.74e-001 3.73e-001h  1
  64 8.7565941e-001 1.73e-001 2.00e-002  -5.7 2.10e-001  -2.9 3.27e-001 4.71e-001h  1
  65 8.2877120e-001 1.25e-001 3.33e-002  -5.7 1.35e+000  -3.3 2.52e-001 2.49e-001h  1
  66 7.7969011e-001 5.89e-002 1.99e-002  -5.7 2.90e-001  -2.9 4.28e-001 6.52e-001h  1
  67 7.2267369e-001 8.51e-002 1.28e-002  -5.7 3.66e-001  -3.4 4.18e-001 3.61e-001h  1
  68 6.6424561e-001 7.10e-002 3.11e-003  -5.7 1.42e-001  -3.0 7.03e-001 9.88e-001h  1
  69 6.4438581e-001 7.10e-002 5.07e-003  -5.7 9.95e-001  -3.4 6.02e-001 1.71e-001h  1
iter    objective    inf_pr   inf_du lg(mu)  ||d||  lg(rg) alpha_du alpha_pr  ls
  70 6.0553841e-001 6.13e-002 1.41e-002  -5.7 3.07e-001  -3.0 1.00e+000 8.11e-001h  1
  71 5.8186140e-001 7.27e-002 4.73e-002  -5.7 2.01e+000  -3.5 4.82e-001 2.49e-001h  1
  72 5.7111495e-001 5.82e-002 4.55e-002  -5.7 4.17e-001  -3.1 6.06e-001 2.77e-001h  1
  73 5.7082330e-001 5.81e-002 4.53e-002  -5.7 1.01e+002  -3.5 1.73e-002 2.26e-003h  1
  74 5.5908791e-001 1.06e-001 4.20e-002  -5.7 1.09e+001  -4.0 6.67e-002 7.36e-002h  1
  75 5.4398747e-001 9.09e-002 3.46e-002  -5.7 6.06e-001  -3.6 1.82e-001 1.82e-001h  1
  76 5.1866360e-001 5.75e-002 1.23e-002  -5.7 1.55e-001  -3.2 8.26e-001 6.92e-001h  1
  77 4.8487427e-001 1.18e-001 9.67e-003  -5.7 6.58e-001  -3.6 6.55e-001 5.41e-001h  1
  78 4.7045524e-001 6.53e-002 3.71e-002  -5.7 5.89e-001  -3.2 1.00e+000 6.60e-001h  1
  79 4.6515278e-001 2.30e-002 5.49e-002  -5.7 1.99e-001  -2.8 5.91e-001 7.16e-001h  1
iter    objective    inf_pr   inf_du lg(mu)  ||d||  lg(rg) alpha_du alpha_pr  ls
  80 4.5288420e-001 2.73e-002 1.80e-002  -5.7 4.00e-001  -3.3 7.53e-001 6.84e-001h  1
  81 4.4661246e-001 7.64e-003 1.24e-002  -5.7 2.10e-001  -2.8 4.81e-001 1.00e+000f  1
  82 4.4351314e-001 1.62e-002 3.68e-002  -5.7 1.29e+000  -3.3 9.08e-001 2.30e-001h  1
  83 4.2734174e-001 3.76e-002 2.76e-002  -5.7 4.90e-001  -3.8 7.92e-001 6.61e-001h  1
  84 4.1900311e-001 2.24e-002 1.16e-002  -5.7 3.04e-001  -3.4 7.99e-001 1.00e+000h  1
  85 4.1626451e-001 9.10e-003 1.20e-002  -5.7 2.13e-001  -2.9 1.00e+000 1.00e+000h  1
  86 4.1440803e-001 2.97e-002 4.38e-002  -5.7 1.32e+000  -3.4 1.00e+000 3.08e-001h  1
  87 4.1211173e-001 1.85e-003 4.47e-002  -5.7 1.09e-001  -3.0 1.00e+000 1.00e+000f  1
  88 4.0797502e-001 4.85e-002 3.56e-002  -5.7 6.80e-001  -3.5 7.11e-001 8.01e-001h  1
  89 4.0777214e-001 4.17e-002 3.77e-002  -5.7 3.61e-001  -3.1 2.58e-001 1.46e-001h  1
iter    objective    inf_pr   inf_du lg(mu)  ||d||  lg(rg) alpha_du alpha_pr  ls
  90 4.0524224e-001 1.89e-002 1.79e-002  -5.7 3.57e-001  -3.5 7.83e-001 5.61e-001f  1
  91 4.0362173e-001 7.29e-003 4.23e-003  -5.7 1.71e-001  -3.1 6.12e-001 1.00e+000f  1
  92 4.0302813e-001 1.56e-003 1.37e-003  -5.7 8.11e-002  -2.7 1.00e+000 1.00e+000h  1
  93 4.0187946e-001 2.01e-002 3.08e-002  -5.7 4.45e-001  -3.2 1.00e+000 7.00e-001h  1
  94 4.0146195e-001 4.30e-002 6.03e-002  -5.7 3.69e+000  -3.6 6.03e-001 1.29e-001f  1
  95 3.9990235e-001 5.21e-003 4.54e-002  -5.7 1.16e-001  -3.2 8.38e-001 9.03e-001h  1
  96 3.9881476e-001 1.15e-001 4.64e-002  -5.7 2.58e+000  -3.7 5.86e-001 2.54e-001f  1
  97 3.9814446e-001 4.85e-002 5.74e-002  -5.7 2.23e-001  -3.3 5.40e-001 5.83e-001h  1
  98 3.9781771e-001 1.44e-001 5.44e-002  -5.7 1.21e+001  -3.7 3.40e-001 4.75e-002h  1
  99 3.9647462e-001 5.07e-002 3.00e-002  -5.7 1.48e-001  -3.3 1.00e+000 6.60e-001h  1
iter    objective    inf_pr   inf_du lg(mu)  ||d||  lg(rg) alpha_du alpha_pr  ls
 100 3.9581007e-001 1.06e-001 9.65e-002  -5.7 2.24e+000  -3.8 3.13e-001 2.88e-001f  1
 101 3.9550228e-001 8.21e-002 8.95e-002  -5.7 4.68e-001  -3.4 5.91e-001 2.25e-001h  1
 102 3.9346857e-001 8.58e-002 5.10e-002  -5.7 7.19e-001  -3.8 4.50e-001 4.69e-001h  1
 103 3.9275585e-001 1.76e-001 4.70e-002  -5.7 1.27e+001  -4.3 1.35e-001 8.07e-002h  1
 104 3.9102718e-001 1.47e-001 4.11e-002  -5.7 2.15e+000  -4.8 1.13e-001 1.73e-001h  1
 105 3.8912447e-001 9.48e-002 2.63e-002  -5.7 5.85e-001  -4.4 6.77e-001 3.61e-001f  1
 106 3.8732710e-001 6.24e-003 1.03e-002  -5.7 2.27e-001  -3.9 1.82e-001 1.00e+000f  1
 107 3.8507825e-001 1.61e-002 1.59e-003  -5.7 5.92e-001  -4.4 8.91e-001 8.40e-001h  1
 108 3.8201840e-001 1.70e-001 5.48e-003  -5.7 1.43e+000  -4.9 6.91e-001 1.00e+000h  1
 109 3.8013366e-001 1.68e-001 2.80e-003  -5.7 2.67e+000  -5.4 1.00e+000 1.00e+000h  1
iter    objective    inf_pr   inf_du lg(mu)  ||d||  lg(rg) alpha_du alpha_pr  ls
 110 3.7990208e-001 3.21e-003 3.91e-004  -5.7 4.32e-001  -4.9 1.00e+000 1.00e+000h  1
 111 3.7978931e-001 1.28e-002 6.02e-003  -5.7 1.10e+000  -5.4 1.00e+000 1.00e+000h  1
 112 3.7975643e-001 2.86e-003 6.38e-004  -5.7 4.47e-001  -5.0 1.00e+000 1.00e+000h  1
 113 3.7981309e-001 9.74e-003 3.54e-003  -5.7 1.62e+000  -5.5 1.00e+000 1.00e+000H  1
 114 3.7984299e-001 3.29e-003 9.70e-004  -5.7 4.26e-001  -5.0 1.00e+000 1.00e+000h  1
 115 3.7985638e-001 2.89e-003 8.51e-004  -5.7 3.25e+000  -5.5 1.00e+000 1.25e-001h  4
 116 3.7988085e-001 5.37e-003 4.10e-004  -5.7 5.48e-001  -5.1 1.00e+000 1.00e+000h  1
 117 3.7989325e-001 8.97e-003 3.53e-004  -5.7 3.32e-001  -5.6 1.00e+000 1.00e+000h  1
 118 3.7982235e-001 6.00e-002 6.48e-003  -5.7 3.29e+000  -6.1 1.00e+000 1.00e+000H  1
 119 3.7993177e-001 7.22e-003 1.05e-003  -5.7 3.20e-001  -5.6 1.00e+000 1.00e+000h  1
iter    objective    inf_pr   inf_du lg(mu)  ||d||  lg(rg) alpha_du alpha_pr  ls
 120 3.7993954e-001 3.37e-004 8.29e-005  -5.7 1.57e-001  -6.1 1.00e+000 1.00e+000h  1
 121 3.7994013e-001 7.60e-005 1.46e-005  -5.7 7.65e-002  -5.7 1.00e+000 1.00e+000h  1
 122 3.7994607e-001 1.59e-003 1.09e-003  -5.7 7.18e-001  -6.2 1.00e+000 1.00e+000H  1
 123 3.7995276e-001 1.57e-003 1.07e-003  -5.7 6.99e+000  -6.6 6.82e-001 1.35e-002h  7
 124 3.7996032e-001 1.47e-003 1.01e-003  -5.7 1.21e+000  -6.2 1.00e+000 6.25e-002h  5
 125 3.7996527e-001 1.44e-003 9.91e-004  -5.7 3.75e+000  -6.7 1.00e+000 1.56e-002h  7
 126 3.7997424e-001 1.44e-003 9.90e-004  -5.7 4.01e+001  -7.2 1.21e-001 2.28e-003h  7
 127 3.7998582e-001 1.43e-003 9.87e-004  -5.7 2.81e+001    -  2.21e-001 3.55e-003h  7
 128 3.8014883e-001 4.01e-002 9.04e-003  -5.7 2.51e+000    -  1.00e+000 1.00e+000H  1
 129 3.8005632e-001 8.20e-003 2.70e-003  -5.7 7.37e-001    -  1.00e+000 1.00e+000h  1
iter    objective    inf_pr   inf_du lg(mu)  ||d||  lg(rg) alpha_du alpha_pr  ls
 130 3.8003774e-001 1.04e-003 6.79e-005  -5.7 2.38e-001    -  1.00e+000 1.00e+000h  1
 131 3.8002960e-001 1.17e-004 3.60e-005  -5.7 9.20e-002    -  1.00e+000 1.00e+000h  1
 132 3.8002845e-001 3.02e-006 9.69e-007  -5.7 1.48e-002    -  1.00e+000 1.00e+000h  1
 133 3.6292772e-001 2.48e-001 1.40e-002  -7.0 4.20e+000    -  1.62e-001 2.13e-001f  1
 134 3.5313484e-001 2.45e-001 1.13e-002  -7.0 7.50e+000    -  1.27e-001 1.60e-001h  1
 135 3.4498574e-001 2.20e-001 9.06e-003  -7.0 6.50e+000    -  3.67e-001 1.71e-001h  1
 136 3.4176402e-001 2.32e-001 5.20e-002  -7.0 3.85e+001    -  2.09e-001 9.00e-002h  1
 137 3.3607805e-001 1.92e-001 5.01e-002  -7.0 1.33e+001    -  1.59e-001 1.87e-001h  1
 138 3.3332564e-001 2.48e-001 4.41e-002  -7.0 8.35e+000  -5.8 2.15e-001 1.21e-001h  1
 139 3.2949441e-001 1.68e-001 3.09e-002  -7.0 2.86e-001  -3.6 4.09e-001 3.30e-001h  1
iter    objective    inf_pr   inf_du lg(mu)  ||d||  lg(rg) alpha_du alpha_pr  ls
 140 3.2742033e-001 1.05e-001 1.98e-002  -7.0 9.39e-002  -3.2 3.53e-001 3.74e-001h  1
 141 3.2606578e-001 8.38e-002 1.54e-002  -7.0 5.33e-001  -3.6 4.97e-001 2.31e-001h  1
 142 3.2505685e-001 5.61e-002 1.03e-002  -7.0 1.65e-001  -3.2 7.56e-001 3.37e-001h  1
 143 3.2431236e-001 2.52e-002 4.65e-003  -7.0 5.73e-002  -2.8 1.00e+000 5.55e-001h  1
 144 3.2345639e-001 1.59e-002 2.78e-003  -7.0 2.63e-001  -3.3 9.23e-001 4.85e-001h  1
 145 3.2309160e-001 7.47e-003 1.87e-003  -7.0 1.03e-001  -2.8 1.00e+000 5.68e-001h  1
 146 3.2292040e-001 8.66e-003 3.82e-003  -7.0 9.14e-001  -3.3 8.59e-001 1.21e-001h  1
 147 3.2239753e-001 5.15e-003 5.70e-003  -7.0 1.83e-001  -2.9 1.00e+000 9.75e-001h  1
 148 3.2200548e-001 2.57e-003 2.54e-003  -7.0 1.04e-001  -3.4 7.59e-001 5.95e-001f  1
 149 3.2181085e-001 2.00e-003 1.97e-003  -7.0 1.37e-001  -3.9 2.86e-001 2.26e-001f  1
iter    objective    inf_pr   inf_du lg(mu)  ||d||  lg(rg) alpha_du alpha_pr  ls
 150 3.2158375e-001 3.82e-003 1.59e-003  -7.0 5.87e-001  -4.3 4.13e-001 1.86e-001f  1
 151 3.2132587e-001 3.16e-003 8.82e-004  -7.0 1.49e-001  -3.9 1.00e+000 4.46e-001f  1
 152 3.2115003e-001 1.01e-003 2.71e-004  -7.0 5.39e-002  -3.5 1.00e+000 8.46e-001f  1
 153 3.2096756e-001 1.05e-002 2.27e-003  -7.0 4.15e-001  -4.0 1.00e+000 5.42e-001f  1
 154 3.2082076e-001 1.05e-002 4.57e-003  -7.0 2.30e-001  -3.5 1.00e+000 1.00e+000f  1
 155 3.2074556e-001 3.74e-003 3.07e-003  -7.0 1.38e-001  -3.1 1.00e+000 1.00e+000h  1
 156 3.2062788e-001 1.85e-002 1.39e-002  -7.0 1.08e+001  -3.6 6.48e-002 2.65e-002h  1
 157 3.2046592e-001 5.40e-003 1.23e-003  -7.0 1.44e-001  -4.1 1.45e-001 7.52e-001f  1
 158 3.2040842e-001 1.13e-003 3.80e-004  -7.0 5.48e-002  -3.6 8.51e-001 1.00e+000f  1
 159 3.2028448e-001 4.76e-002 8.32e-003  -7.0 1.19e+000  -4.1 7.12e-001 4.00e-001h  1
iter    objective    inf_pr   inf_du lg(mu)  ||d||  lg(rg) alpha_du alpha_pr  ls
 160 3.2019343e-001 5.22e-002 1.20e-002  -7.0 1.37e+000  -3.7 1.00e+000 1.86e-001f  2
 161 3.2010150e-001 6.57e-002 7.74e-003  -7.0 1.09e+000  -4.2 1.00e+000 2.46e-001h  1
 162 3.2003253e-001 7.17e-002 7.05e-003  -7.0 2.87e+000    -  3.39e-001 9.05e-002h  1
 163 3.1987358e-001 3.30e-002 6.19e-003  -7.0 1.39e+000    -  1.00e+000 5.46e-001h  1
 164 3.1981372e-001 1.42e-003 1.10e-003  -7.0 3.10e-001    -  1.00e+000 1.00e+000f  1
 165 3.1981305e-001 9.71e-005 3.09e-006  -7.0 1.67e-002    -  1.00e+000 1.00e+000h  1
 166 3.1981301e-001 2.35e-007 7.47e-009  -7.0 9.88e-004    -  1.00e+000 1.00e+000h  1

Number of Iterations....: 166

                                   (scaled)                 (unscaled)
Objective...............:  2.7636141976991885e-001   3.1981301011290547e-001
Dual infeasibility......:  7.4747360373550804e-009   8.6499694273395119e-009
Constraint violation....:  1.1056371677573007e-008   2.3489744105376076e-007
Complementarity.........:  9.0975265144507408e-008   1.0527907048642077e-007
Overall NLP error.......:  9.0975265144507408e-008   2.3489744105376076e-007


Number of objective function evaluations             = 215
Number of objective gradient evaluations             = 167
Number of equality constraint evaluations            = 215
Number of inequality constraint evaluations          = 215
Number of equality constraint Jacobian evaluations   = 167
Number of inequality constraint Jacobian evaluations = 167
Number of Lagrangian Hessian evaluations             = 166
Total CPU secs in IPOPT (w/o function evaluations)   =    142.327
Total CPU secs in NLP function evaluations           =     11.548

EXIT: Optimal Solution Found.
      solver  :   t_proc      (avg)   t_wall      (avg)    n_eval
       nlp_f  | 137.00ms (637.21us) 137.53ms (639.69us)       215
       nlp_g  |   1.41 s (  6.55ms)   1.41 s (  6.56ms)       215
  nlp_grad_f  | 189.00ms (  1.13ms) 189.76ms (  1.13ms)       168
  nlp_hess_l  |   4.67 s ( 28.13ms)   4.67 s ( 28.13ms)       166
   nlp_jac_g  |   5.01 s ( 29.85ms)   5.02 s ( 29.87ms)       168
       total  | 153.88 s (153.88 s) 153.88 s (153.88 s)         1
Computation time solving OCP: 156.7613 s
