This is Ipopt version 3.12.3, running with linear solver mumps.
NOTE: Other linear solvers might be more efficient (see Ipopt documentation).

Number of nonzeros in equality constraint Jacobian...:   218755
Number of nonzeros in inequality constraint Jacobian.:   131487
Number of nonzeros in Lagrangian Hessian.............:   239117

Total number of variables............................:    67687
                     variables with only lower bounds:        0
                variables with lower and upper bounds:        0
                     variables with only upper bounds:        0
Total number of equality constraints.................:    52755
Total number of inequality constraints...............:   131487
        inequality constraints with only lower bounds:    76680
   inequality constraints with lower and upper bounds:    54807
        inequality constraints with only upper bounds:        0

iter    objective    inf_pr   inf_du lg(mu)  ||d||  lg(rg) alpha_du alpha_pr  ls
   0 1.5469397e+002 5.80e+001 1.00e+002  -1.0 0.00e+000    -  0.00e+000 0.00e+000   0
   1 1.1798710e+002 4.93e+001 1.58e+002  -1.0 1.14e+001    -  1.11e-001 1.52e-001f  1
   2 1.1136038e+002 4.25e+001 1.85e+002  -1.0 9.69e+000    -  3.03e-002 1.37e-001f  1
   3 1.2582035e+002 3.03e+001 1.50e+002  -1.0 8.76e+000    -  1.97e-001 3.03e-001f  1
   4 4.6296348e+002 1.23e+001 2.17e+003  -1.0 7.79e+000    -  2.02e-001 1.00e+000f  1
   5 5.6365514e+002 7.78e+000 1.80e+003  -1.0 2.06e+000   0.0 1.58e-001 3.75e-001f  1
   6 5.7986470e+002 7.04e+000 1.63e+003  -1.0 2.45e+000   0.4 1.75e-001 9.50e-002f  1
   7 5.9850494e+002 5.56e+000 1.28e+003  -1.0 1.43e+000   0.9 8.09e-001 2.11e-001f  1
   8 6.6559215e+002 3.91e+000 1.01e+003  -1.0 2.39e+000   0.4 2.84e-001 3.07e-001f  1
   9 7.1197702e+002 3.45e+000 8.97e+002  -1.0 2.97e+000  -0.1 4.66e-001 1.20e-001f  1
iter    objective    inf_pr   inf_du lg(mu)  ||d||  lg(rg) alpha_du alpha_pr  ls
  10 8.0653981e+002 2.22e+000 5.57e+002  -1.0 1.52e+000   0.3 1.00e+000 3.81e-001f  1
  11 1.0886534e+003 1.57e+000 4.19e+002  -1.0 2.54e+000  -0.2 4.17e-001 5.98e-001f  1
  12 1.1744092e+003 1.37e+000 3.75e+002  -1.0 9.44e+000  -0.6 1.18e-001 1.54e-001f  1
  13 1.1834019e+003 1.35e+000 3.71e+002  -1.0 4.27e+001  -1.1 5.89e-002 1.46e-002f  1
  14 1.4915163e+003 1.99e+000 4.85e+002  -1.0 3.78e+000  -0.7 3.72e-001 5.18e-001f  1
  15 1.7850310e+003 9.85e-001 1.03e+002  -1.0 5.22e-001  -0.3 6.60e-001 9.00e-001f  1
  16 1.8526003e+003 8.56e-001 8.83e+001  -1.0 1.40e+001  -0.7 8.59e-002 2.00e-001f  1
  17 2.0450017e+003 1.81e+000 8.34e+001  -1.0 3.73e+000  -1.2 4.57e-001 4.85e-001f  1
  18 2.0927963e+003 1.54e+000 6.87e+001  -1.0 9.87e+000  -1.7 1.78e-001 1.68e-001f  1
  19 2.2832601e+003 1.09e+000 3.50e+001  -1.0 1.86e+000  -1.3 1.00e+000 8.36e-001f  1
iter    objective    inf_pr   inf_du lg(mu)  ||d||  lg(rg) alpha_du alpha_pr  ls
  20 2.3276063e+003 1.66e-001 1.41e+001  -1.0 9.82e-001  -0.8 1.00e+000 1.00e+000f  1
  21 2.3385528e+003 6.01e-001 6.99e+000  -1.0 3.06e+000  -1.3 6.13e-001 1.00e+000f  1
  22 2.3381467e+003 2.35e-001 6.65e+000  -1.0 6.56e-001  -0.9 9.44e-001 6.57e-001f  1
  23 2.3367070e+003 2.91e-001 6.96e+000  -1.0 6.33e+000  -1.4 2.58e-001 4.60e-001f  1
  24 2.3354614e+003 8.54e-002 7.67e+001  -1.0 2.72e+000  -0.9 9.30e-001 1.00e+000f  1
  25 2.3333474e+003 3.53e-001 3.66e+001  -1.0 4.00e+000  -1.4 2.90e-001 5.29e-001f  1
  26 2.3316795e+003 9.63e-002 1.47e+001  -1.0 1.48e+000  -1.0 1.00e+000 9.98e-001f  1
  27 2.3298253e+003 2.05e-001 8.68e+000  -1.0 5.05e+000  -1.5 2.35e-001 4.57e-001f  1
  28 2.3283819e+003 9.72e-002 1.25e+001  -1.0 1.79e+000  -1.0 1.00e+000 8.63e-001f  1
  29 2.3248890e+003 5.30e-001 1.82e+000  -1.0 9.37e-001  -1.5 1.00e+000 1.00e+000f  1
iter    objective    inf_pr   inf_du lg(mu)  ||d||  lg(rg) alpha_du alpha_pr  ls
  30 2.3236015e+003 5.51e-002 1.83e+000  -1.0 3.27e-001  -1.1 1.00e+000 1.00e+000h  1
  31 2.3209190e+003 4.44e-001 5.60e+000  -1.0 9.20e-001  -1.6 1.00e+000 1.00e+000f  1
  32 2.3194425e+003 5.22e-002 1.30e+000  -1.0 3.87e-001  -1.1 1.00e+000 1.00e+000h  1
  33 2.3159770e+003 5.67e-001 2.92e+000  -1.0 2.82e+000  -1.6 1.00e+000 1.00e+000f  1
  34 2.3131684e+003 1.98e-001 4.29e+000  -1.0 5.27e-001  -1.2 1.00e+000 1.00e+000f  1
  35 2.3129559e+003 1.70e-002 8.99e-001  -1.0 3.36e-001  -0.8 1.00e+000 1.00e+000f  1
  36 1.7914113e+003 1.15e+000 1.13e+001  -1.7 4.04e-001  -1.2 5.93e-001 1.00e+000f  1
  37 1.2001883e+003 1.95e+000 3.17e+000  -1.7 5.72e-001  -1.7 5.90e-001 1.00e+000f  1
  38 9.1810304e+002 3.07e+000 9.77e+000  -1.7 5.56e+000  -2.2 5.62e-001 9.84e-001f  1
  39 8.5638227e+002 1.89e-001 3.09e+000  -1.7 8.48e-001  -1.8 1.00e+000 1.00e+000h  1
iter    objective    inf_pr   inf_du lg(mu)  ||d||  lg(rg) alpha_du alpha_pr  ls
  40 8.4133566e+002 3.96e-001 4.90e+000  -1.7 2.63e+000  -2.2 1.00e+000 1.00e+000h  1
  41 8.3897919e+002 3.29e-002 1.70e-001  -1.7 4.85e-001  -1.8 1.00e+000 1.00e+000h  1
  42 4.3730884e+002 1.65e+000 6.16e+000  -2.5 3.92e-001  -1.4 6.76e-001 1.00e+000f  1
  43 2.3368438e+002 1.19e+000 1.91e+000  -2.5 5.39e-001  -1.9 9.06e-001 1.00e+000f  1
  44 1.5383210e+002 1.17e+000 1.54e+000  -2.5 9.71e-001  -2.4 1.00e+000 1.00e+000f  1
  45 1.3892550e+002 4.56e+000 9.29e+000  -2.5 2.83e+000  -2.8 9.98e-001 1.00e+000h  1
  46 1.3760429e+002 8.71e-002 3.03e-001  -2.5 4.54e-001  -2.4 1.00e+000 1.00e+000h  1
  47 1.3620473e+002 1.18e+000 5.78e-001  -2.5 1.63e+000  -2.9 1.00e+000 1.00e+000h  1
  48 1.3588856e+002 2.73e-002 4.90e-002  -2.5 5.88e-001  -2.5 1.00e+000 1.00e+000h  1
  49 1.3536061e+002 1.08e-001 2.59e-001  -2.5 1.74e+000  -2.9 1.00e+000 1.00e+000h  1
iter    objective    inf_pr   inf_du lg(mu)  ||d||  lg(rg) alpha_du alpha_pr  ls
  50 1.3513416e+002 1.09e-002 7.17e-002  -2.5 4.81e-001  -2.5 1.00e+000 1.00e+000h  1
  51 1.3507539e+002 1.38e-003 8.04e-003  -2.5 1.77e-001  -2.1 1.00e+000 1.00e+000h  1
  52 4.8625507e+001 1.14e+000 1.03e+000  -3.8 6.73e-001  -2.6 6.59e-001 1.00e+000f  1
  53 4.3624225e+001 1.01e+000 8.96e-001  -3.8 6.47e+000  -3.0 1.47e-001 1.28e-001h  1
  54 1.9514362e+001 8.09e-001 3.68e+000  -3.8 2.51e+000  -2.6 1.62e-002 1.00e+000h  1
  55 1.8459219e+001 6.44e-001 3.00e+000  -3.8 3.78e+000  -2.2 4.17e-001 2.10e-001h  1
  56 1.2940361e+001 2.27e-001 2.24e+000  -3.8 1.37e+000  -2.7 2.32e-002 1.00e+000h  1
  57 1.0969777e+001 1.49e-001 4.66e-001  -3.8 5.32e-001  -3.1 9.99e-001 1.00e+000h  1
  58 1.0300608e+001 4.46e-002 1.27e-002  -3.8 1.61e-001  -2.7 1.00e+000 1.00e+000h  1
  59 9.8433634e+000 3.70e-002 7.87e-003  -3.8 3.23e-001  -3.2 1.00e+000 1.00e+000h  1
iter    objective    inf_pr   inf_du lg(mu)  ||d||  lg(rg) alpha_du alpha_pr  ls
  60 9.6177571e+000 2.96e-002 1.04e-002  -3.8 6.52e-001  -3.7 1.00e+000 1.00e+000h  1
  61 9.5312976e+000 5.70e-002 1.93e-002  -3.8 1.50e+000  -4.1 1.00e+000 1.00e+000h  1
  62 9.5140208e+000 1.07e-002 1.81e-003  -3.8 3.30e-001  -3.7 1.00e+000 1.00e+000h  1
  63 9.5103838e+000 7.46e-004 2.63e-004  -3.8 1.23e-001  -3.3 1.00e+000 1.00e+000h  1
  64 6.6168008e+000 2.80e-001 6.56e-002  -5.7 3.91e-001  -3.8 6.94e-001 1.00e+000f  1
  65 5.5139383e+000 6.46e-001 2.08e-002  -5.7 5.23e-001  -4.2 6.07e-001 1.00e+000h  1
  66 3.8063229e+000 1.73e+000 5.05e-002  -5.7 9.10e-001  -4.7 3.94e-001 1.00e+000h  1
  67 2.9106676e+000 2.03e+000 2.83e-002  -5.7 3.09e+000  -5.2 3.10e-001 4.48e-001h  1
  68 2.6043670e+000 1.69e+000 1.88e-001  -5.7 1.07e+000  -4.8 3.13e-001 1.96e-001h  1
  69 2.5054835e+000 1.63e+000 2.34e-001  -5.7 4.02e+000  -5.2 1.27e-001 6.59e-002h  1
iter    objective    inf_pr   inf_du lg(mu)  ||d||  lg(rg) alpha_du alpha_pr  ls
  70 2.1143274e+000 1.46e+000 1.84e-001  -5.7 1.03e+000  -4.8 1.98e-001 2.98e-001h  1
  71 2.0950216e+000 1.39e+000 1.52e-001  -5.7 3.13e+000  -3.5 2.80e-002 4.75e-002h  1
  72 1.9205978e+000 9.59e-001 1.06e-001  -5.7 2.28e-001  -4.0 3.02e-001 3.76e-001h  1
  73 1.7802721e+000 8.33e-001 8.39e-002  -5.7 1.15e+000  -4.4 4.14e-001 2.21e-001h  1
  74 1.7456942e+000 7.57e-001 7.64e-002  -5.7 7.51e-001  -4.0 3.92e-001 9.10e-002h  1
  75 1.5654057e+000 6.43e-001 5.60e-002  -5.7 1.67e+000  -4.5 4.01e-001 2.84e-001h  1
  76 1.4767593e+000 1.71e+000 4.92e-002  -5.7 2.22e+000  -5.0 2.07e-001 1.23e-001h  1
  77 1.2762787e+000 1.07e+000 2.79e-002  -5.7 6.77e-001  -4.6 3.76e-001 4.62e-001h  1
  78 1.1112237e+000 1.95e-001 1.38e-002  -5.7 1.78e-001  -4.1 2.54e-001 1.00e+000h  1
  79 1.0676978e+000 9.54e-001 1.01e-002  -5.7 1.19e+000  -4.6 4.16e-001 2.70e-001h  1
iter    objective    inf_pr   inf_du lg(mu)  ||d||  lg(rg) alpha_du alpha_pr  ls
  80 1.0194318e+000 3.44e-001 1.01e-002  -5.7 3.08e-001  -4.2 4.26e-001 6.40e-001h  1
  81 9.9451379e-001 9.36e-002 1.84e-002  -5.7 2.07e-001  -3.7 5.94e-001 9.20e-001h  1
  82 9.4925794e-001 5.10e-001 6.66e-003  -5.7 2.03e-001  -4.2 9.26e-001 9.54e-001f  1
  83 9.1552400e-001 1.19e+000 3.50e-003  -5.7 5.27e-001  -4.7 9.13e-001 6.30e-001h  1
  84 8.7475214e-001 6.99e-001 2.61e-003  -5.7 7.65e-001  -5.2 9.77e-001 8.11e-001h  1
  85 8.5718752e-001 9.17e-001 3.40e-003  -5.7 1.99e+000  -5.7 9.72e-001 6.34e-001h  1
  86 8.4882720e-001 4.40e-002 4.20e-004  -5.7 4.91e-001  -5.2 1.00e+000 1.00e+000h  1
  87 8.4447429e-001 2.77e+000 1.09e-002  -5.7 3.13e+000  -5.7 1.00e+000 1.00e+000h  1
  88 8.4225545e-001 3.69e-001 7.22e-003  -5.7 1.02e+000  -5.3 1.00e+000 9.35e-001h  1
  89 8.4114313e-001 6.27e-002 5.24e-003  -5.7 6.54e-001  -5.8 2.45e-001 1.00e+000f  1
iter    objective    inf_pr   inf_du lg(mu)  ||d||  lg(rg) alpha_du alpha_pr  ls
  90 8.4048959e-001 5.69e-002 2.74e-003  -5.7 9.22e-001  -6.2 1.00e+000 1.00e+000h  1
  91 8.4047511e-001 7.13e-003 1.45e-004  -5.7 3.34e-001  -5.8 1.00e+000 1.00e+000h  1
  92 8.4054565e-001 1.84e-002 3.71e-005  -5.7 5.13e-001  -6.3 1.00e+000 1.00e+000h  1
  93 8.4066504e-001 1.07e-002 7.98e-005  -5.7 5.40e-001  -6.8 1.00e+000 1.00e+000h  1
  94 8.4066880e-001 3.66e-004 1.81e-006  -5.7 1.06e-001  -6.3 1.00e+000 1.00e+000h  1
  95 8.4067191e-001 3.03e-005 7.84e-007  -5.7 4.22e-002  -5.9 1.00e+000 1.00e+000h  1
  96 8.4067269e-001 4.79e-005 1.05e-005  -5.7 5.55e-001  -6.4 1.00e+000 6.25e-002h  5
  97 8.4067689e-001 1.07e-004 2.91e-006  -5.7 7.96e-002  -6.0 1.00e+000 1.00e+000h  1
  98 8.4067782e-001 2.87e-005 9.38e-007  -5.7 3.97e-002  -5.5 1.00e+000 1.00e+000h  1
  99 8.4068411e-001 2.98e-004 3.65e-005  -5.7 2.15e-001  -6.0 1.00e+000 1.00e+000H  1
iter    objective    inf_pr   inf_du lg(mu)  ||d||  lg(rg) alpha_du alpha_pr  ls
 100 8.4068799e-001 1.91e-004 7.64e-006  -5.7 1.01e-001  -5.6 1.00e+000 1.00e+000h  1
 101 8.4070394e-001 1.46e-003 2.00e-004  -5.7 4.30e-001  -6.1 1.00e+000 1.00e+000H  1
 102 8.4073568e-001 1.60e-003 2.88e-004  -5.7 5.15e-001    -  1.00e+000 1.00e+000H  1
 103 8.4072649e-001 1.08e-003 4.21e-005  -5.7 2.13e-001    -  1.00e+000 1.00e+000h  1
 104 8.4072477e-001 1.82e-005 6.58e-007  -5.7 2.87e-002    -  1.00e+000 1.00e+000h  1
 105 7.1021548e-001 1.08e+000 2.85e-003  -7.0 4.95e+000    -  2.27e-001 2.47e-001f  1
 106 6.7928456e-001 1.93e+000 1.07e-001  -7.0 5.66e+000    -  5.18e-002 1.03e-001h  1
 107 5.3653986e-001 1.19e+000 8.17e-002  -7.0 1.14e+001    -  1.34e-001 3.93e-001h  1
 108 4.8151783e-001 9.76e-001 6.07e-002  -7.0 8.58e+000  -6.5 5.59e-002 2.29e-001h  1
 109 4.4054560e-001 7.66e-001 4.79e-002  -7.0 1.82e+000    -  2.13e-002 2.24e-001h  1
iter    objective    inf_pr   inf_du lg(mu)  ||d||  lg(rg) alpha_du alpha_pr  ls
 110 4.0677611e-001 5.90e-001 3.70e-002  -7.0 1.93e+000    -  3.19e-001 2.40e-001h  1
 111 3.7541706e-001 4.69e-001 2.75e-002  -7.0 1.63e+000    -  1.63e-001 2.72e-001h  1
 112 3.5710692e-001 3.85e-001 2.16e-002  -7.0 1.64e+000    -  3.46e-001 2.19e-001h  1
 113 3.4034796e-001 2.95e-001 1.63e-002  -7.0 2.32e+000    -  2.88e-001 2.56e-001h  1
 114 3.2594090e-001 2.12e-001 1.18e-002  -7.0 1.92e+000    -  5.03e-002 3.05e-001h  1
 115 3.2204275e-001 1.87e-001 1.04e-002  -7.0 4.93e+000    -  2.67e-001 1.23e-001h  1
 116 3.1600907e-001 1.44e-001 8.14e-003  -7.0 2.83e+000    -  5.14e-001 2.33e-001h  1
 117 3.0670429e-001 9.48e-002 4.58e-003  -7.0 1.67e+000    -  2.84e-001 5.17e-001h  1
 118 3.0419874e-001 8.36e-002 3.40e-003  -7.0 3.24e+000    -  6.89e-001 3.16e-001h  1
 119 3.0161168e-001 6.06e-002 2.02e-003  -7.0 1.79e+000    -  3.96e-001 5.15e-001h  1
iter    objective    inf_pr   inf_du lg(mu)  ||d||  lg(rg) alpha_du alpha_pr  ls
 120 3.0063197e-001 4.60e-002 1.36e-003  -7.0 3.64e-001    -  1.00e+000 4.08e-001h  1
 121 2.9931944e-001 2.44e-002 4.51e-004  -7.0 1.83e-001    -  9.41e-001 1.00e+000h  1
 122 2.9926053e-001 2.35e-002 1.75e-004  -7.0 1.03e-001    -  1.00e+000 9.04e-001h  1
 123 2.9924529e-001 1.25e-002 4.56e-005  -7.0 4.55e-002    -  1.00e+000 1.00e+000f  1
 124 2.9924341e-001 2.83e-003 6.05e-006  -7.0 2.26e-002    -  1.00e+000 1.00e+000h  1
 125 2.9924337e-001 8.00e-005 1.44e-007  -7.0 3.84e-003    -  1.00e+000 1.00e+000h  1
 126 2.9924337e-001 4.92e-008 8.66e-011  -7.0 9.61e-005    -  1.00e+000 1.00e+000h  1

Number of Iterations....: 126

                                   (scaled)                 (unscaled)
Objective...............:  3.9956400101778533e-002   2.9924336911411203e-001
Dual infeasibility......:  8.6602011179675101e-011   6.4858389473155883e-010
Constraint violation....:  3.5567290987414957e-009   4.9242814270655799e-008
Complementarity.........:  9.0909107051500266e-008   6.8084080167260927e-007
Overall NLP error.......:  9.0909107051500266e-008   6.8084080167260927e-007


Number of objective function evaluations             = 135
Number of objective gradient evaluations             = 127
Number of equality constraint evaluations            = 135
Number of inequality constraint evaluations          = 135
Number of equality constraint Jacobian evaluations   = 127
Number of inequality constraint Jacobian evaluations = 127
Number of Lagrangian Hessian evaluations             = 126
Total CPU secs in IPOPT (w/o function evaluations)   =     89.840
Total CPU secs in NLP function evaluations           =      7.639

EXIT: Optimal Solution Found.
      solver  :   t_proc      (avg)   t_wall      (avg)    n_eval
       nlp_f  |  72.00ms (533.33us)  72.52ms (537.20us)       135
       nlp_g  | 816.00ms (  6.04ms) 815.04ms (  6.04ms)       135
  nlp_grad_f  | 125.00ms (976.56us) 125.47ms (980.23us)       128
  nlp_hess_l  |   3.18 s ( 25.28ms)   3.19 s ( 25.28ms)       126
   nlp_jac_g  |   3.37 s ( 26.34ms)   3.37 s ( 26.34ms)       128
       total  |  97.48 s ( 97.48 s)  97.48 s ( 97.48 s)         1
Computation time solving OCP: 100.1406 s
This is Ipopt version 3.12.3, running with linear solver mumps.
NOTE: Other linear solvers might be more efficient (see Ipopt documentation).

Number of nonzeros in equality constraint Jacobian...:   218755
Number of nonzeros in inequality constraint Jacobian.:   131487
Number of nonzeros in Lagrangian Hessian.............:   239117

Total number of variables............................:    67687
                     variables with only lower bounds:        0
                variables with lower and upper bounds:        0
                     variables with only upper bounds:        0
Total number of equality constraints.................:    52755
Total number of inequality constraints...............:   131487
        inequality constraints with only lower bounds:    76680
   inequality constraints with lower and upper bounds:    54807
        inequality constraints with only upper bounds:        0

iter    objective    inf_pr   inf_du lg(mu)  ||d||  lg(rg) alpha_du alpha_pr  ls
   0 1.5469397e+002 1.11e+002 1.00e+002  -1.0 0.00e+000    -  0.00e+000 0.00e+000   0
   1 1.1843825e+002 9.41e+001 1.57e+002  -1.0 1.14e+001    -  1.12e-001 1.52e-001f  1
   2 1.1377866e+002 8.11e+001 1.85e+002  -1.0 9.66e+000    -  2.93e-002 1.38e-001f  1
   3 1.3217684e+002 5.64e+001 1.50e+002  -1.0 8.73e+000    -  1.99e-001 3.04e-001f  1
   4 4.9039554e+002 1.22e+001 2.14e+003  -1.0 7.69e+000    -  2.02e-001 1.00e+000f  1
   5 5.9071516e+002 7.71e+000 1.77e+003  -1.0 2.03e+000   0.0 1.56e-001 3.76e-001f  1
   6 6.0784912e+002 6.94e+000 1.59e+003  -1.0 2.37e+000   0.4 1.84e-001 1.00e-001f  1
   7 6.0802204e+002 7.05e+000 2.22e+003  -1.0 4.57e+002  -0.1 1.85e-003 5.13e-003f  1
   8 7.1795886e+002 5.13e+000 1.63e+003  -1.0 3.37e+000  -0.5 2.52e-001 2.77e-001f  1
   9 8.1087670e+002 3.78e+000 1.21e+003  -1.0 1.98e+000  -0.1 8.19e-001 2.67e-001f  1
iter    objective    inf_pr   inf_du lg(mu)  ||d||  lg(rg) alpha_du alpha_pr  ls
  10 1.2378445e+003 3.80e+000 7.70e+002  -1.0 3.74e+000  -0.6 3.64e-001 6.12e-001f  1
  11 1.4882295e+003 1.63e+000 3.04e+002  -1.0 6.54e-001  -0.2 6.01e-001 6.81e-001f  1
  12 1.6922341e+003 1.38e+000 1.65e+002  -1.0 1.05e+000  -0.6 5.85e-001 4.38e-001f  1
  13 1.9970165e+003 2.17e+000 7.30e+001  -1.0 2.68e+000  -1.1 5.21e-001 5.79e-001f  1
  14 2.2512057e+003 6.42e-001 2.21e+001  -1.0 6.82e-001  -0.7 1.00e+000 1.00e+000f  1
  15 2.3692290e+003 1.00e+000 1.01e+001  -1.0 1.20e+000  -1.2 8.03e-001 1.00e+000f  1
  16 2.3780408e+003 6.54e-002 3.10e+000  -1.0 4.64e-001  -0.7 1.00e+000 1.00e+000f  1
  17 2.3806911e+003 3.59e-001 2.66e+000  -1.0 1.09e+000  -1.2 1.00e+000 1.00e+000f  1
  18 2.3798437e+003 5.08e-002 9.27e-001  -1.0 4.18e-001  -0.8 1.00e+000 1.00e+000f  1
  19 1.8304300e+003 1.84e+000 1.22e+001  -1.7 7.71e-001  -1.3 6.22e-001 1.00e+000f  1
iter    objective    inf_pr   inf_du lg(mu)  ||d||  lg(rg) alpha_du alpha_pr  ls
  20 1.1969788e+003 3.67e+000 3.09e+000  -1.7 1.13e+000  -1.7 5.98e-001 1.00e+000f  1
  21 9.6921144e+002 4.53e-001 1.44e+000  -1.7 3.07e-001  -1.3 1.00e+000 1.00e+000f  1
  22 8.7547742e+002 1.91e-001 4.97e-001  -1.7 1.13e+000  -1.8 1.00e+000 1.00e+000f  1
  23 8.6793314e+002 1.34e-002 4.14e-001  -1.7 3.69e-001  -1.4 1.00e+000 1.00e+000h  1
  24 8.6517738e+002 8.22e-002 9.19e-001  -1.7 1.77e+000  -1.8 8.25e-001 1.00e+000f  1
  25 8.6471915e+002 1.08e-002 1.22e+000  -1.7 4.20e-001  -1.4 1.00e+000 1.00e+000h  1
  26 8.6434263e+002 8.29e-002 7.90e-001  -1.7 1.70e+000  -1.9 7.28e-001 1.00e+000f  1
  27 8.6413139e+002 8.88e-003 6.37e-001  -1.7 3.61e-001  -1.5 1.00e+000 1.00e+000h  1
  28 8.6378158e+002 6.24e-002 9.45e-002  -1.7 4.84e-001  -1.9 1.00e+000 1.00e+000f  1
  29 4.3497160e+002 1.80e+000 6.18e+000  -2.5 4.95e-001  -1.5 7.06e-001 1.00e+000f  1
iter    objective    inf_pr   inf_du lg(mu)  ||d||  lg(rg) alpha_du alpha_pr  ls
  30 2.3163693e+002 1.18e+000 1.75e+000  -2.5 5.62e-001  -2.0 9.36e-001 1.00e+000f  1
  31 1.5603215e+002 7.31e-001 1.00e+000  -2.5 5.58e-001  -2.5 1.00e+000 1.00e+000f  1
  32 1.4443862e+002 4.24e-001 6.00e-001  -2.5 3.54e+000  -2.9 8.37e-001 1.00e+000h  1
  33 1.4324520e+002 1.46e-001 6.49e-002  -2.5 6.39e-001  -2.5 1.00e+000 1.00e+000h  1
  34 1.4297169e+002 2.00e-002 1.63e-002  -2.5 2.38e-001  -2.1 1.00e+000 1.00e+000h  1
  35 5.1066203e+001 1.16e+000 6.33e-001  -3.8 7.10e-001  -2.6 6.18e-001 1.00e+000f  1
  36 4.4477161e+001 9.89e-001 5.32e-001  -3.8 3.87e+000  -3.1 1.79e-001 1.65e-001h  1
  37 2.0229811e+001 1.30e+000 6.21e+000  -3.8 2.14e+000  -2.6 1.25e-002 1.00e+000h  1
  38 1.5414888e+001 1.09e-001 3.02e-001  -3.8 9.06e-001  -2.2 5.70e-001 1.00e+000h  1
  39 1.2559297e+001 1.23e-001 1.16e-001  -3.8 4.34e-001  -2.7 9.12e-001 8.74e-001h  1
iter    objective    inf_pr   inf_du lg(mu)  ||d||  lg(rg) alpha_du alpha_pr  ls
  40 1.0453479e+001 2.17e-001 1.61e-001  -3.8 8.13e-001  -3.2 1.00e+000 1.00e+000h  1
  41 9.8245753e+000 9.18e-002 1.07e-001  -3.8 7.81e-001  -3.6 8.88e-001 1.00e+000h  1
  42 9.8164982e+000 8.72e-002 8.80e-002  -3.8 4.01e+001  -4.1 1.96e-001 5.14e-002h  1
  43 9.6985750e+000 2.73e-002 1.14e-001  -3.8 1.37e+000  -3.7 1.28e-001 1.00e+000h  1
  44 9.6877976e+000 1.48e-002 4.70e-002  -3.8 7.24e-001  -3.3 9.97e-001 4.78e-001h  1
  45 9.6540381e+000 1.65e-002 2.88e-002  -3.8 8.76e-001  -3.7 1.00e+000 1.00e+000f  1
  46 9.6460746e+000 2.76e-003 4.65e-003  -3.8 2.26e-001  -3.3 1.00e+000 1.00e+000h  1
  47 9.6352901e+000 1.57e-002 8.26e-004  -3.8 5.54e-001  -3.8 1.00e+000 1.00e+000h  1
  48 6.7686236e+000 2.62e-001 4.98e-002  -5.7 2.65e-001  -3.4 7.44e-001 1.00e+000f  1
  49 5.7094139e+000 5.63e-001 1.82e-002  -5.7 4.10e-001  -3.8 5.04e-001 1.00e+000h  1
iter    objective    inf_pr   inf_du lg(mu)  ||d||  lg(rg) alpha_du alpha_pr  ls
  50 4.3048438e+000 1.21e+000 3.68e-002  -5.7 7.14e-001  -4.3 4.56e-001 1.00e+000h  1
  51 3.6460079e+000 1.05e+000 3.52e-001  -5.7 1.93e+000  -4.8 3.71e-001 3.17e-001h  1
  52 2.9539619e+000 9.61e-001 2.39e-001  -5.7 2.75e+000  -4.4 1.34e-002 4.46e-001h  1
  53 2.8954600e+000 7.73e-001 1.02e-001  -5.7 2.69e+000  -3.0 1.17e-001 1.98e-001h  1
  54 2.7727988e+000 4.84e-001 4.44e-002  -5.7 2.15e+000  -3.5 1.48e-004 3.89e-001h  1
  55 2.7673244e+000 4.81e-001 4.42e-002  -5.7 2.15e+001  -4.0 2.19e-002 5.33e-003h  1
  56 2.5736016e+000 2.73e-001 2.23e-002  -5.7 1.47e+000  -3.6 7.59e-002 4.96e-001h  1
  57 2.4353813e+000 7.09e-002 5.75e-003  -5.7 1.11e-001  -3.1 7.31e-001 1.00e+000h  1
  58 2.1717667e+000 2.16e-001 3.19e-002  -5.7 2.14e-001  -3.6 7.44e-001 8.17e-001h  1
  59 2.1556796e+000 2.11e-001 3.13e-002  -5.7 7.60e+000  -4.1 6.89e-002 2.35e-002h  1
iter    objective    inf_pr   inf_du lg(mu)  ||d||  lg(rg) alpha_du alpha_pr  ls
  60 2.0087142e+000 2.10e-001 1.61e-002  -5.7 2.36e-001  -3.7 4.21e-001 5.56e-001h  1
  61 1.9745196e+000 9.31e-001 1.87e-001  -5.7 3.24e+000  -4.1 1.71e-001 7.89e-002h  1
  62 1.9515744e+000 8.62e-001 1.64e-001  -5.7 7.82e-001  -3.7 7.06e-004 1.08e-001h  1
  63 1.9405725e+000 6.68e-001 1.04e-001  -5.7 4.67e-001  -2.4 6.36e-001 2.34e-001h  1
  64 1.8980686e+000 1.16e-002 7.13e-002  -5.7 3.55e-002  -2.9 1.00e+000 1.00e+000h  1
  65 1.7965629e+000 1.19e-001 1.01e-002  -5.7 9.41e-002  -3.3 1.00e+000 1.00e+000h  1
  66 1.6498529e+000 5.55e-001 5.65e-002  -5.7 3.17e-001  -3.8 5.21e-001 7.01e-001h  1
  67 1.6421180e+000 5.05e-001 5.09e-002  -5.7 2.51e-001  -3.4 6.57e-001 9.11e-002h  1
  68 1.6124904e+000 4.30e-001 4.19e-002  -5.7 2.64e-001  -3.9 4.63e-001 1.48e-001h  1
  69 1.5895144e+000 3.12e-001 3.15e-002  -5.7 1.06e-001  -3.4 5.67e-001 2.75e-001h  1
iter    objective    inf_pr   inf_du lg(mu)  ||d||  lg(rg) alpha_du alpha_pr  ls
  70 1.5233339e+000 4.81e-001 2.23e-002  -5.7 4.41e-001  -3.9 5.43e-001 3.54e-001h  1
  71 1.4146951e+000 6.67e-001 1.64e-002  -5.7 5.52e-001  -4.4 2.60e-001 3.14e-001h  1
  72 1.4025735e+000 1.21e+000 1.60e-002  -5.7 1.52e+001  -4.9 2.55e-002 2.59e-002h  1
  73 1.3993350e+000 1.20e+000 1.58e-002  -5.7 3.15e+001  -4.4 2.86e-002 8.14e-003h  1
  74 1.2553451e+000 4.02e-001 4.30e-003  -5.7 2.15e-001  -4.0 4.40e-001 1.00e+000h  1
  75 1.1730314e+000 9.93e-001 4.10e-002  -5.7 9.22e-001  -4.5 5.42e-001 4.78e-001h  1
  76 1.1643867e+000 8.68e-001 3.70e-002  -5.7 6.08e-001  -4.1 7.85e-001 1.26e-001h  1
  77 1.1248819e+000 9.85e-001 1.59e-001  -5.7 8.93e-001  -4.6 6.94e-001 3.73e-001h  1
  78 1.1175032e+000 8.78e-001 1.27e-001  -5.7 6.53e-001  -4.1 1.57e-003 1.97e-001h  1
  79 1.1087079e+000 8.42e-001 9.49e-002  -5.7 2.84e+000  -3.7 3.53e-002 5.97e-002h  1
iter    objective    inf_pr   inf_du lg(mu)  ||d||  lg(rg) alpha_du alpha_pr  ls
  80 1.1087335e+000 8.42e-001 9.49e-002  -5.7 3.27e+000  -4.2 3.42e-005 8.16e-004h  1
  81 1.1086670e+000 8.41e-001 9.48e-002  -5.7 1.04e+001  -2.8 1.69e-002 2.49e-004f  1
  82 1.0953069e+000 1.35e-002 7.18e-002  -5.7 6.62e-002  -3.3 2.39e-001 1.00e+000f  1
  83 1.0739701e+000 4.33e-002 2.04e-002  -5.7 1.79e-001  -3.8 6.17e-001 7.35e-001h  1
  84 1.0284635e+000 1.14e-001 5.82e-003  -5.7 1.75e-001  -4.3 5.14e-001 9.62e-001f  1
  85 9.9290237e-001 1.21e+000 3.49e-003  -5.7 4.68e-001  -4.8 4.45e-001 7.10e-001h  1
  86 9.8813435e-001 8.48e-001 3.17e-003  -5.7 2.23e-001  -4.3 4.77e-001 2.99e-001h  1
  87 9.7230219e-001 9.77e-001 2.39e-003  -5.7 5.75e-001  -4.8 7.22e-001 6.46e-001h  1
  88 9.7430390e-001 1.03e+000 7.79e-002  -5.7 1.64e+000  -5.3 4.71e-001 2.09e-001H  1
  89 9.7434521e-001 9.93e-001 7.53e-002  -5.7 6.80e-001  -4.0 2.38e-001 3.96e-002h  1
iter    objective    inf_pr   inf_du lg(mu)  ||d||  lg(rg) alpha_du alpha_pr  ls
  90 9.6900080e-001 7.31e-001 5.50e-002  -5.7 1.97e-001  -4.4 5.24e-001 2.94e-001h  1
  91 9.6628163e-001 5.51e-001 4.31e-002  -5.7 5.01e-001  -4.0 1.55e-001 3.11e-001h  1
  92 9.6364650e-001 3.84e-001 2.98e-002  -5.7 1.13e-001  -4.5 4.72e-001 3.18e-001h  1
  93 9.6045903e-001 2.17e+000 2.03e-002  -5.7 1.36e+000  -5.0 3.46e-001 3.24e-001h  1
  94 9.5662301e-001 1.60e+000 1.46e-002  -5.7 1.31e+000  -5.4 3.76e-001 2.83e-001h  1
  95 9.5330212e-001 8.84e-001 8.36e-003  -5.7 2.81e-001  -5.0 2.38e-001 4.74e-001h  1
  96 9.4635564e-001 7.58e-001 1.71e-003  -5.7 7.00e-001  -5.5 5.97e-001 1.00e+000f  1
  97 9.4541233e-001 2.63e-001 7.16e-004  -5.7 2.39e-001  -5.1 6.52e-001 8.72e-001h  1
  98 9.4430743e-001 9.13e-002 7.57e-004  -5.7 6.15e-001  -5.5 1.00e+000 7.30e-001f  1
  99 9.4379092e-001 2.91e-002 2.36e-004  -5.7 2.20e-001  -5.1 9.80e-001 1.00e+000h  1
iter    objective    inf_pr   inf_du lg(mu)  ||d||  lg(rg) alpha_du alpha_pr  ls
 100 9.4320544e-001 3.34e-001 1.25e-003  -5.7 1.13e+000  -5.6 1.00e+000 1.00e+000h  1
 101 9.4242247e-001 3.61e-001 3.84e-004  -5.7 2.68e-001  -5.2 1.00e+000 1.00e+000h  1
 102 9.4222598e-001 3.78e-001 1.70e-003  -5.7 2.58e-001  -4.7 1.00e+000 1.00e+000h  1
 103 9.4212975e-001 1.20e-002 2.74e-004  -5.7 4.05e-002  -4.3 1.00e+000 1.00e+000h  1
 104 9.4211255e-001 2.88e-002 1.37e-004  -5.7 7.53e-002  -4.8 1.00e+000 1.00e+000h  1
 105 9.4202328e-001 2.68e-002 7.77e-005  -5.7 2.47e-001  -5.3 1.00e+000 1.00e+000h  1
 106 9.4191640e-001 1.24e-001 5.90e-004  -5.7 6.81e-001  -5.7 1.00e+000 1.00e+000h  1
 107 9.4181693e-001 3.86e-003 5.61e-005  -5.7 1.91e-001  -5.3 1.00e+000 1.00e+000h  1
 108 9.4180323e-001 3.22e-002 7.79e-005  -5.7 3.79e-001  -5.8 1.00e+000 1.00e+000h  1
 109 9.4171329e-001 7.48e-002 8.09e-005  -5.7 1.33e-001  -5.4 1.00e+000 1.00e+000h  1
iter    objective    inf_pr   inf_du lg(mu)  ||d||  lg(rg) alpha_du alpha_pr  ls
 110 9.4174468e-001 5.15e-002 2.23e-004  -5.7 3.28e-001  -5.8 1.00e+000 1.00e+000h  1
 111 9.4188997e-001 2.60e-002 2.91e-004  -5.7 9.86e-001  -6.3 1.00e+000 5.00e-001h  2
 112 9.4196387e-001 1.23e-003 1.81e-005  -5.7 1.50e-001  -5.9 1.00e+000 1.00e+000h  1
 113 9.4205762e-001 1.98e-003 1.80e-005  -5.7 2.41e-001  -6.4 1.00e+000 1.00e+000h  1
 114 9.4207577e-001 3.04e-004 1.58e-006  -5.7 8.33e-002  -5.9 1.00e+000 1.00e+000h  1
 115 9.4212698e-001 2.53e-003 1.03e-004  -5.7 5.64e-001  -6.4 1.00e+000 1.00e+000H  1
 116 9.4213079e-001 2.47e-003 1.41e-004  -5.7 2.87e+000    -  1.00e+000 3.12e-002h  6
 117 9.4214023e-001 2.37e-003 9.60e-005  -5.7 1.98e+000    -  1.00e+000 6.25e-002h  5
 118 9.4215024e-001 2.14e-003 8.25e-005  -5.7 8.03e-001    -  1.00e+000 1.25e-001h  4
 119 9.4221018e-001 2.34e-003 2.12e-004  -5.7 5.03e-001    -  1.00e+000 1.00e+000H  1
iter    objective    inf_pr   inf_du lg(mu)  ||d||  lg(rg) alpha_du alpha_pr  ls
 120 9.4219465e-001 1.35e-003 4.38e-006  -5.7 1.64e-001    -  1.00e+000 1.00e+000h  1
 121 9.4219232e-001 4.99e-005 2.69e-007  -5.7 3.72e-002    -  1.00e+000 1.00e+000h  1
 122 8.6316137e-001 7.33e-001 4.80e-003  -7.0 1.01e+001    -  9.15e-002 1.45e-001f  1
 123 8.4908944e-001 1.71e+000 4.66e-003  -7.0 2.11e+001    -  1.71e-002 2.96e-002h  1
 124 8.2098558e-001 1.61e+000 4.38e-003  -7.0 8.22e+000    -  3.79e-002 6.08e-002h  1
 125 7.8311252e-001 1.44e+000 3.93e-003  -7.0 3.95e+000  -5.1 8.41e-002 1.04e-001h  1
 126 6.6207055e-001 7.93e-001 2.46e-003  -7.0 5.52e-001  -4.7 2.06e-001 4.62e-001h  1
 127 6.5921375e-001 9.82e-001 1.33e-002  -7.0 2.00e+001  -5.1 2.96e-002 1.90e-002h  1
 128 6.5533148e-001 9.63e-001 1.30e-002  -7.0 1.08e+001  -4.7 1.63e-002 1.96e-002h  1
 129 5.9813933e-001 7.35e-001 9.93e-003  -7.0 1.30e+000  -5.2 2.14e-001 2.51e-001h  1
iter    objective    inf_pr   inf_du lg(mu)  ||d||  lg(rg) alpha_du alpha_pr  ls
 130 5.6531906e-001 5.82e-001 7.97e-003  -7.0 1.05e+000  -4.8 1.99e-001 2.12e-001h  1
 131 5.3945428e-001 4.25e-001 6.00e-003  -7.0 3.87e-001  -4.3 4.72e-001 2.74e-001h  1
 132 4.9879225e-001 2.91e-001 4.30e-003  -7.0 5.58e-001  -4.8 3.08e-001 3.24e-001h  1
 133 4.8298681e-001 2.20e-001 3.36e-003  -7.0 2.07e-001  -4.4 5.33e-001 2.47e-001h  1
 134 4.6532439e-001 2.05e-001 2.73e-003  -7.0 5.75e-001  -4.9 3.38e-001 2.09e-001h  1
 135 4.5378807e-001 1.70e-001 2.12e-003  -7.0 2.19e-001  -4.4 7.48e-001 2.55e-001h  1
 136 4.4035980e-001 8.36e-002 1.09e-003  -7.0 8.54e-002  -4.0 1.00e+000 6.45e-001h  1
 137 4.3011926e-001 6.98e-002 7.46e-004  -7.0 2.80e-001  -4.5 2.44e-001 3.70e-001h  1
 138 4.2659006e-001 5.17e-002 6.52e-004  -7.0 1.35e-001  -4.1 1.00e+000 3.22e-001h  1
 139 4.2559432e-001 2.33e-001 7.34e-003  -7.0 2.07e+000  -4.6 1.08e-001 9.34e-002h  1
iter    objective    inf_pr   inf_du lg(mu)  ||d||  lg(rg) alpha_du alpha_pr  ls
 140 4.1840379e-001 1.68e-001 5.65e-003  -7.0 5.99e-001  -5.0 3.35e-001 2.82e-001h  1
 141 4.1271825e-001 1.30e-001 4.45e-003  -7.0 1.76e+000  -5.5 2.37e-001 2.30e-001h  1
 142 4.1003998e-001 1.15e-001 3.96e-003  -7.0 4.89e+000  -6.0 2.33e-001 1.15e-001h  1
 143 4.0592301e-001 8.12e-002 2.90e-003  -7.0 1.39e+000  -5.6 1.59e-001 3.00e-001h  1
 144 4.0366016e-001 9.00e-002 2.39e-003  -7.0 3.26e+000  -6.0 5.25e-001 1.90e-001h  1
 145 3.9989944e-001 5.19e-002 1.23e-003  -7.0 9.35e-001  -5.6 6.06e-001 6.28e-001h  1
 146 3.9839761e-001 8.33e-002 7.31e-004  -7.0 2.56e+000  -6.1 1.00e+000 5.04e-001h  1
 147 3.9749164e-001 1.01e-001 1.69e-003  -7.0 2.17e+000    -  8.56e-001 7.62e-001h  1
 148 3.9704690e-001 1.60e-002 1.56e-004  -7.0 4.92e-001  -6.6 1.00e+000 1.00e+000h  1
 149 3.9702440e-001 4.69e-003 1.46e-004  -7.0 5.38e-001  -7.0 1.00e+000 1.00e+000h  1
iter    objective    inf_pr   inf_du lg(mu)  ||d||  lg(rg) alpha_du alpha_pr  ls
 150 3.9700807e-001 5.17e-004 2.28e-005  -7.0 1.53e-001    -  1.00e+000 1.00e+000h  1
 151 3.9700710e-001 1.24e-005 4.30e-007  -7.0 1.84e-002    -  1.00e+000 1.00e+000h  1
 152 3.9700709e-001 1.45e-008 5.10e-010  -7.0 6.12e-004    -  1.00e+000 1.00e+000h  1

Number of Iterations....: 152

                                   (scaled)                 (unscaled)
Objective...............:  5.3010278249157688e-002   3.9700709324532940e-001
Dual infeasibility......:  5.1037134541608370e-010   3.8222973168899924e-009
Constraint violation....:  6.4737721849894569e-009   1.4495004307946147e-008
Complementarity.........:  9.0909628509466467e-008   6.8084470700037299e-007
Overall NLP error.......:  9.0909628509466467e-008   6.8084470700037299e-007


Number of objective function evaluations             = 179
Number of objective gradient evaluations             = 153
Number of equality constraint evaluations            = 179
Number of inequality constraint evaluations          = 179
Number of equality constraint Jacobian evaluations   = 153
Number of inequality constraint Jacobian evaluations = 153
Number of Lagrangian Hessian evaluations             = 152
Total CPU secs in IPOPT (w/o function evaluations)   =    115.285
Total CPU secs in NLP function evaluations           =      9.241

EXIT: Optimal Solution Found.
      solver  :   t_proc      (avg)   t_wall      (avg)    n_eval
       nlp_f  | 100.00ms (558.66us) 100.03ms (558.80us)       179
       nlp_g  |   1.07 s (  5.96ms)   1.07 s (  5.96ms)       179
  nlp_grad_f  | 149.00ms (967.53us) 149.08ms (968.04us)       154
  nlp_hess_l  |   3.78 s ( 24.86ms)   3.78 s ( 24.86ms)       152
   nlp_jac_g  |   4.06 s ( 26.34ms)   4.06 s ( 26.34ms)       154
       total  | 124.53 s (124.53 s) 124.53 s (124.53 s)         1
Computation time solving OCP: 127.0764 s
